#From Hopkins et al. (2007; ApJ..654..731)
#z log10(L_bol/L_solar) log10(dphi(L_bol)/dlog(L_bol)/Mpc^3) 1sigma_uncertainty survey_type_label reference_label
#Survey type labels: 0=optical, 1=soft x-ray, 2=hard x-ray, 3=IR, 4=emission lines
#Reference labels:  1 = Ueda et al. 2003, 2 = La Franca et al. 2005, 
#                   3 = Silverman et al. 2005a,c, 4 = Barger et al. 2003a,b,2005, 
#                   5 = (skipped), 6 = Nandra et al. 2005, 7 = Sazonov & Revnivtsev 2004,  
#                   8 = Hao et al. 2005, 9 = Hasinger et al. 2005,  
#                  10 = Silverman et al. 2005b, 11 = Richards et al. 2005, 
#                  12 = Richards et al. 2006b, 13 = Wolf et al. 2003, 
#                  14 = Hunt et al. 2004, 15 = Cristiani et al. 2004, 
#                  16 = Kennefick et al. 1995, 17 = Schmidt et al. 1995, 
#                  18 = Fan et al. 2001a,b,2003,2004, 19 = Matute et al. 2006, 
#                  20 = Brown et al. 2006, 21 = Miyaji et al. 2000,2001, 
#                  22 = (skipped), 23 = Siana et al. 2006
0.0000   10.1264   -4.0132    0.1500     1     9
0.0000   10.5870   -4.2595    0.1300     1     9
0.0000   10.9002   -4.5601    0.1050     1     9
0.0000   11.2180   -4.6481    0.0650     1     9
0.0000   11.5400   -5.0918    0.0700     1     9
0.0000   11.8657   -5.5925    0.0650     1     9
0.0000   12.1947   -6.0499    0.0750     1     9
0.0000   12.5267   -6.5927    0.0900     1     9
0.0000   12.8611   -7.1493    0.1000     1     9
0.0000   13.7056   -8.9942    0.1950     1     9
0.0000    8.5804   -2.4684    0.2300     1    21
0.0000    9.3174   -3.5512    0.1400     1    21
0.0000   10.0872   -4.0662    0.1150     1    21
0.0000   10.6403   -4.3153    0.0600     1    21
0.0000   11.1449   -4.7800    0.0650     1    21
0.0000   11.5954   -5.3466    0.0650     1    21
0.0000   12.1191   -6.0825    0.0700     1    21
0.0000   12.7174   -6.9763    0.0900     1    21
0.0000   13.5261   -8.8069    0.6400     1    21
0.0000    9.4033   -3.3610    0.2860     2     1
0.0000   10.2991   -4.1387    0.2500     2     1
0.0000   10.9088   -4.3324    0.1500     2     1
0.0000   11.2523   -4.8594    0.1500     2     1
0.0000   11.7699   -5.5032    0.1500     2     1
0.0000   12.2301   -5.9504    0.2140     2     1
0.0000   12.7093   -6.5673    0.2140     2     1
0.0000   13.4502   -8.1352    0.3570     2     1
0.0000   14.5813   -9.4731    0.7500     2     1
0.0000   10.1528   -3.8985    0.2000     2     1
0.0000   11.4065   -4.8540    0.2000     2     1
0.0000   12.7227   -6.5845    0.2000     2     1
0.0000   14.0756   -9.5511    0.8000     2     1
0.0000    8.7634   -2.5009    0.4000     2     7
0.0000    9.3335   -3.0593    0.3500     2     7
0.0000    9.9232   -3.5401    0.3000     2     7
0.0000   10.5333   -4.0086    0.2000     2     7
0.0000   11.1626   -4.7198    0.2000     2     7
0.0000   11.8090   -5.4609    0.1500     2     7
0.0000   12.4690   -6.4753    0.2000     2     7
0.0000   13.1392   -7.4288    0.2500     2     7
0.0000   13.8167   -9.1469    0.3500     2     7
0.0000   14.4991   -9.7340    0.4000     2     7
0.0000   10.2871   -3.4008    0.2500     3    19
0.0000   10.6420   -3.6133    0.1500     3    19
0.0000   11.0039   -4.2467    0.2500     3    19
0.0000   11.3723   -4.6357    0.2500     3    19
0.0000   11.7464   -5.1644    0.2500     3    19
0.0000   12.1252   -5.6234    0.2000     3    19
0.0000   12.5080   -6.6216    0.4000     3    19
0.0000   12.8938   -7.5878    0.5000     3    19
0.0000   13.2822   -8.2716    0.5500     3    19
0.0000   13.6723   -8.5731    0.5500     3    19
0.0000    8.8422   -2.2329    0.1761     4     8
0.0000    9.0417   -2.5847    0.1761     4     8
0.0000    9.2324   -2.8947    0.1761     4     8
0.0000    9.4288   -3.1559    0.1761     4     8
0.0000    9.6220   -3.3222    0.1761     4     8
0.0000    9.8217   -3.7380    0.1761     4     8
0.0000   10.0331   -3.9784    0.1761     4     8
0.0000   10.2384   -4.0500    0.1761     4     8
0.0000   10.4717   -4.0907    0.1761     4     8
0.0000   10.6753   -4.2685    0.1761     4     8
0.0000   10.8696   -4.4426    0.1761     4     8
0.0000   11.0927   -4.6647    0.1761     4     8
0.0000   11.2523   -4.8361    0.1761     4     8
0.0000   11.4973   -5.0666    0.1761     4     8
0.0000   11.7672   -5.4010    0.2000     4     8
0.0000   11.9586   -5.7825    0.3000     4     8
0.0000   12.1626   -5.7970    0.3000     4     8
0.0000   12.4332   -6.5962    0.4800     4     8
0.0000   12.6176   -6.5134    0.4000     4     8
0.0000   12.8877   -6.6486    0.3500     4     8
0.0000   13.0961   -8.4825    0.8000     4     8
0.1000   10.1264   -3.8449    0.1500     1     9
0.1000   10.5870   -4.0911    0.1300     1     9
0.1000   10.9002   -4.3892    0.1050     1     9
0.1000   11.2180   -4.4727    0.0650     1     9
0.1000   11.5400   -4.9118    0.0700     1     9
0.1000   11.8657   -5.4090    0.0650     1     9
0.1000   12.1947   -5.8648    0.0750     1     9
0.1000   12.5267   -6.4075    0.0900     1     9
0.1000   12.8611   -6.9647    0.1000     1     9
0.1000   13.7056   -8.8107    0.1950     1     9
0.1000    8.5804   -2.3884    0.2300     1    21
0.1000    9.3174   -3.4721    0.1400     1    21
0.1000   10.0872   -3.9888    0.1150     1    21
0.1000   10.6403   -4.2375    0.0600     1    21
0.1000   11.1449   -4.6965    0.0650     1    21
0.1000   11.5954   -5.2566    0.0650     1    21
0.1000   12.1191   -5.9884    0.0700     1    21
0.1000   12.7174   -6.8823    0.0900     1    21
0.1000   13.5261   -8.7141    0.6400     1    21
0.1000    9.4033   -3.1925    0.2860     2     1
0.1000   10.2991   -3.9700    0.2500     2     1
0.1000   10.9088   -4.1600    0.1500     2     1
0.1000   11.2523   -4.6830    0.1500     2     1
0.1000   11.7699   -5.3241    0.1500     2     1
0.1000   12.2301   -5.7762    0.2140     2     1
0.1000   12.7093   -6.3995    0.2140     2     1
0.1000   13.4502   -7.9725    0.3570     2     1
0.1000   14.5813   -9.3137    0.7500     2     1
0.1000   10.1528   -3.7139    0.2000     2     1
0.1000   11.4065   -4.6598    0.2000     2     1
0.1000   12.7227   -6.4007    0.2000     2     1
0.1000   14.0756   -9.3743    0.8000     2     1
0.1000    9.9677   -4.0198    0.2500     2     4
0.1000   10.5792   -3.9805    0.2000     2     4
0.1000   11.2099   -4.4273    0.2000     2     4
0.1000   11.8574   -5.1200    0.3000     2     4
0.1000    8.7634   -2.3320    0.4000     2     7
0.1000    9.3335   -2.8907    0.3500     2     7
0.1000    9.9232   -3.3718    0.3000     2     7
0.1000   10.5333   -3.8392    0.2000     2     7
0.1000   11.1626   -4.5444    0.2000     2     7
0.1000   11.8090   -5.2820    0.1500     2     7
0.1000   12.4690   -6.3045    0.2000     2     7
0.1000   13.1392   -7.2646    0.2500     2     7
0.1000   13.8167   -8.9855    0.3500     2     7
0.1000   14.4991   -9.5744    0.4000     2     7
0.1000   10.2871   -3.3848    0.2500     3    19
0.1000   10.6420   -3.5970    0.1500     3    19
0.1000   11.0039   -4.2284    0.2500     3    19
0.1000   11.3723   -4.6145    0.2500     3    19
0.1000   11.7464   -5.1410    0.2500     3    19
0.1000   12.1252   -5.5996    0.2000     3    19
0.1000   12.5080   -6.5986    0.4000     3    19
0.1000   12.8938   -7.5657    0.5000     3    19
0.1000   13.2822   -8.2500    0.5500     3    19
0.1000   13.6723   -8.5519    0.5500     3    19
0.1000    8.8422   -2.2314    0.1761     4     8
0.1000    9.0417   -2.5831    0.1761     4     8
0.1000    9.2324   -2.8931    0.1761     4     8
0.1000    9.4288   -3.1541    0.1761     4     8
0.1000    9.6220   -3.3203    0.1761     4     8
0.1000    9.8217   -3.7359    0.1761     4     8
0.1000   10.0331   -3.9760    0.1761     4     8
0.1000   10.2384   -4.0473    0.1761     4     8
0.1000   10.4717   -4.0875    0.1761     4     8
0.1000   10.6753   -4.2647    0.1761     4     8
0.1000   10.8696   -4.4381    0.1761     4     8
0.1000   11.0927   -4.6594    0.1761     4     8
0.1000   11.2523   -4.8304    0.1761     4     8
0.1000   11.4973   -5.0611    0.1761     4     8
0.1000   11.7672   -5.3975    0.2000     4     8
0.1000   11.9586   -5.7817    0.3000     4     8
0.1000   12.1626   -5.7997    0.3000     4     8
0.1000   12.4332   -6.6036    0.4800     4     8
0.1000   12.6176   -6.5235    0.4000     4     8
0.1000   12.8877   -6.6616    0.3500     4     8
0.1000   13.0961   -8.4968    0.8000     4     8
0.2000   10.5870   -3.9047    0.1750     1     9
0.2000   11.2180   -4.4323    0.1350     1     9
0.2000   11.5400   -4.6968    0.0950     1     9
0.2000   11.8657   -5.1794    0.1000     1     9
0.2000   12.1947   -5.5927    0.1000     1     9
0.2000   12.5267   -6.2149    0.1250     1     9
0.2000   12.8611   -6.7323    0.1400     1     9
0.2000   13.1977   -7.2829    0.1450     1     9
0.2000   13.8757   -8.8710    0.1350     1     9
0.2000    9.0873   -3.0563    0.6300     1    21
0.2000    9.7277   -3.8852    0.4100     1    21
0.2000   10.4542   -3.8644    0.1150     1    21
0.2000   11.0812   -4.4118    0.1050     1    21
0.2000   11.6604   -5.0286    0.0800     1    21
0.2000   12.2513   -6.0239    0.1150     1    21
0.2000   12.9185   -7.0454    0.1000     1    21
0.2000   13.7977   -9.0123    0.2700     1    21
0.2000    9.3452   -3.2374    0.7500     2     1
0.2000   10.3851   -3.9124    0.4290     2     1
0.2000   11.0481   -4.3052    0.2860     2     1
0.2000   11.7699   -5.1133    0.2500     2     1
0.2000   12.1244   -5.3684    0.2140     2     1
0.2000   12.5357   -6.1700    0.2140     2     1
0.2000   13.2203   -7.1793    0.3570     2     1
0.2000   14.1575   -8.4421    0.4300     2     1
0.2000   15.1299  -10.2337    0.7900     2     1
0.2000   10.1528   -3.5460    0.2000     2     1
0.2000   11.4065   -4.4841    0.2000     2     1
0.2000   12.7227   -6.2321    0.2000     2     1
0.2000   14.0756   -9.2134    0.8000     2     1
0.2000    9.9420   -3.5186    0.2150     2     3
0.2000   10.5526   -3.6613    0.1810     2     3
0.2000   11.1826   -4.2790    0.2450     2     3
0.2000   11.8294   -4.5950    0.2570     2     3
0.2000   12.4898   -5.1963    0.2460     2     3
0.2000   13.1603   -6.8197    0.3220     2     3
0.2000    9.9677   -3.8664    0.2500     2     4
0.2000   10.5792   -3.8274    0.2000     2     4
0.2000   11.2099   -4.2692    0.2000     2     4
0.2000   11.8574   -4.9552    0.3000     2     4
0.2000   10.2871   -3.3330    0.2500     3    19
0.2000   10.6420   -3.5456    0.1500     3    19
0.2000   11.0039   -4.1762    0.2500     3    19
0.2000   11.3723   -4.5597    0.2500     3    19
0.2000   11.7464   -5.0831    0.2500     3    19
0.2000   12.1252   -5.5405    0.2000     3    19
0.2000   12.5080   -6.5402    0.4000     3    19
0.2000   12.8938   -7.5082    0.5000     3    19
0.2000   13.2822   -8.1932    0.5500     3    19
0.2000   13.6723   -8.4955    0.5500     3    19
0.5000   13.0659   -6.8867    0.1308     0    12
0.5000   12.9495   -6.5924    0.0946     0    12
0.5000   12.8334   -6.3780    0.0748     0    12
0.5000   12.7174   -6.1738    0.0607     0    12
0.5000   12.6017   -5.9000    0.0449     0    12
0.5000   12.4863   -5.6668    0.0347     0    12
0.5000   12.3712   -5.4846    0.0285     0    12
0.5000   12.2564   -5.2835    0.0265     0    12
0.5000   12.1419   -5.1234    0.0230     0    12
0.5000   12.0277   -5.0041    0.0306     0    12
0.5000   11.9139   -4.8352    0.0288     0    12
0.5000   11.8005   -5.3663    0.1694     0    12
0.5000   12.5960   -5.7105    0.3010     0    11
0.5000   12.4998   -5.5933    0.1990     0    11
0.5000   12.4038   -5.4615    0.1606     0    11
0.5000   12.3080   -5.3732    0.1396     0    11
0.5000   12.2124   -5.2439    0.1201     0    11
0.5000   12.1171   -4.9129    0.0885     0    11
0.5000   12.0220   -4.9070    0.0887     0    11
0.5000   11.9272   -5.0152    0.1043     0    11
0.5000   11.8326   -4.7237    0.0819     0    11
0.5000   11.7384   -4.5419    0.0713     0    11
0.5000   11.6444   -4.5958    0.0755     0    11
0.5000   11.5508   -4.4728    0.0671     0    11
0.5000   11.4574   -4.5272    0.0721     0    11
0.5000   11.3644   -4.5304    0.0743     0    11
0.5000   10.2787   -2.9579    0.0950     1     9
0.5000   11.2180   -3.9618    0.1050     1     9
0.5000   11.8657   -4.7905    0.1350     1     9
0.5000   12.1947   -5.2196    0.1050     1     9
0.5000   12.5267   -5.6250    0.0800     1     9
0.5000   12.8611   -6.3814    0.1350     1     9
0.5000   13.1977   -6.9428    0.1500     1     9
0.5000   13.7056   -7.7404    0.1300     1     9
0.5000   10.3618   -3.7269    0.2400     1    21
0.5000   10.8596   -3.7751    0.1200     1    21
0.5000   11.4013   -4.3090    0.0850     1    21
0.5000   12.1851   -5.3913    0.0900     1    21
0.5000   13.0531   -6.7389    0.1200     1    21
0.5000   13.8658   -8.3687    0.2250     1    21
0.5000   10.2451   -3.7911    0.1750     1    10
0.5000   11.5044   -4.4369    0.1750     1    10
0.5000   12.8243   -5.9319    0.2650     1    10
0.5000   10.0921   -3.3248    0.2850     2     1
0.5000   10.8835   -3.8442    0.2150     2     1
0.5000   11.4840   -4.3662    0.2000     2     1
0.5000   12.1772   -4.9021    0.2000     2     1
0.5000   12.6425   -5.7663    0.2150     2     1
0.5000   13.2068   -6.5012    0.1800     2     1
0.5000   13.7896   -8.2007    0.4300     2     1
0.5000   10.1528   -3.3778    0.2000     2     1
0.5000   11.4065   -4.1611    0.2000     2     1
0.5000   12.7227   -5.7476    0.2000     2     1
0.5000   14.0756   -8.4635    0.3300     2     1
0.5000    9.9677   -3.5481    0.2000     2     4
0.5000   10.5792   -4.0126    0.2500     2     4
0.5000   11.2099   -4.1823    0.3500     2     4
0.5000   11.8574   -4.4495    0.2000     2     4
0.5000   12.5182   -5.2848    0.2500     2     4
0.5000   13.1891   -6.4969    0.4000     2     4
0.5000   11.3723   -4.6006    0.3000     3    19
0.5000   11.7464   -5.1564    0.3000     3    19
0.5000   12.1252   -5.2338    0.2000     3    19
0.5000   12.5080   -5.2717    0.2500     3    19
0.5000   12.8938   -6.1431    0.2000     3    19
0.5000   13.2822   -6.7504    0.2000     3    19
0.5000   13.6723   -7.5838    0.2500     3    19
0.5000   14.0639   -8.6346    0.5500     3    19
1.0000   13.5332   -7.2031    0.1930     0    12
1.0000   13.4161   -6.6099    0.0990     0    12
1.0000   13.2992   -6.4168    0.0808     0    12
1.0000   13.1825   -6.0639    0.0549     0    12
1.0000   13.0659   -5.7217    0.0372     0    12
1.0000   12.9495   -5.5904    0.0326     0    12
1.0000   12.8334   -5.3608    0.0251     0    12
1.0000   12.7174   -5.1531    0.0201     0    12
1.0000   12.6017   -5.0275    0.0212     0    12
1.0000   12.4863   -4.9536    0.0379     0    12
1.0000   12.3712   -4.8504    0.0590     0    12
1.0000   12.2564   -4.5767    0.4551     0    12
1.0000   13.1766   -6.0687    0.1984     0    11
1.0000   13.0795   -5.6385    0.1102     0    11
1.0000   12.9825   -5.5152    0.0943     0    11
1.0000   12.8856   -5.4659    0.0920     0    11
1.0000   12.7889   -5.3086    0.0809     0    11
1.0000   12.6924   -5.0332    0.0633     0    11
1.0000   12.5960   -5.0555    0.0691     0    11
1.0000   12.4998   -4.8838    0.0606     0    11
1.0000   12.4038   -4.7207    0.0542     0    11
1.0000   12.3080   -4.6742    0.0510     0    11
1.0000   12.2124   -4.6269    0.0476     0    11
1.0000   12.1171   -4.5115    0.0417     0    11
1.0000   12.0220   -4.4815    0.0425     0    11
1.0000   11.9272   -4.3552    0.0405     0    11
1.0000   11.8326   -4.5480    0.0640     0    11
1.0000   11.7384   -4.2940    0.0741     0    11
1.0000   11.6444   -4.0678    0.1980     0    11
1.0000   10.1264   -3.4185    0.1400     1     9
1.0000   10.7431   -3.6759    0.1300     1     9
1.0000   11.3785   -4.1002    0.1200     1     9
1.0000   11.8657   -4.2982    0.1350     1     9
1.0000   12.1947   -4.4272    0.1000     1     9
1.0000   12.5267   -4.8994    0.0900     1     9
1.0000   12.8611   -5.4503    0.0850     1     9
1.0000   13.1977   -6.1191    0.0950     1     9
1.0000   13.5360   -6.9138    0.1250     1     9
1.0000   14.2166   -8.2188    0.1200     1     9
1.0000   10.7653   -3.6247    0.2050     1    21
1.0000   11.4013   -4.1966    0.1100     1    21
1.0000   12.0532   -4.5597    0.0700     1    21
1.0000   12.8514   -5.6783    0.0600     1    21
1.0000   13.7977   -7.6340    0.1950     1    21
1.0000   14.6170   -8.8642    0.2550     1    21
1.0000   15.3031   -9.8838    0.2650     1    21
1.0000   11.5044   -4.2764    0.1800     1    10
1.0000   12.8243   -5.1702    0.2540     1    10
1.0000   11.0862   -3.9383    0.2000     2     1
1.0000   11.6656   -4.1979    0.2000     2     1
1.0000   12.1244   -4.5230    0.2000     2     1
1.0000   12.8568   -5.2943    0.2140     2     1
1.0000   13.5994   -6.7441    0.2500     2     1
1.0000   14.3077   -8.3952    0.3000     2     1
1.0000   10.1528   -3.2527    0.3000     2     1
1.0000   11.4065   -4.2456    0.2000     2     1
1.0000   12.7227   -5.2486    0.2000     2     1
1.0000   14.0756   -7.4998    0.3000     2     1
1.0000    9.9677   -3.5078    0.2000     2     4
1.0000   10.5792   -4.0547    0.2500     2     4
1.0000   11.2099   -4.1799    0.2500     2     4
1.0000   11.8574   -4.4425    0.2500     2     4
1.0000   12.5182   -4.7974    0.3500     2     4
1.0000   13.1891   -6.0939    0.3500     2     4
1.0000   13.8670   -6.9777    0.4000     2     4
1.0000   11.3723   -4.0654    0.3000     3    19
1.0000   11.7464   -4.6240    0.3000     3    19
1.0000   12.1252   -4.6942    0.2000     3    19
1.0000   12.5080   -4.7126    0.2500     3    19
1.0000   12.8938   -5.5787    0.2000     3    19
1.0000   13.2822   -6.1927    0.2000     3    19
1.0000   13.6723   -7.0297    0.2500     3    19
1.0000   14.0639   -8.0818    0.5500     3    19
1.5000   14.0026   -7.4570    0.1313     0    12
1.5000   13.8851   -7.2747    0.1076     0    12
1.5000   13.7677   -6.9622    0.0762     0    12
1.5000   13.6504   -6.5598    0.0487     0    12
1.5000   13.5332   -6.2775    0.0357     0    12
1.5000   13.4161   -6.0056    0.0265     0    12
1.5000   13.2992   -5.7645    0.0203     0    12
1.5000   13.1825   -5.5251    0.0157     0    12
1.5000   13.0659   -5.3776    0.0151     0    12
1.5000   12.9495   -5.2527    0.0233     0    12
1.5000   13.3713   -5.8859    0.1608     0    11
1.5000   13.2739   -5.7650    0.1250     0    11
1.5000   13.1766   -5.3997    0.0876     0    11
1.5000   13.0795   -5.4245    0.0920     0    11
1.5000   12.9825   -5.2211    0.0779     0    11
1.5000   12.8856   -4.9618    0.0618     0    11
1.5000   12.7889   -4.8866    0.0606     0    11
1.5000   12.6924   -4.8190    0.0587     0    11
1.5000   12.5960   -4.6871    0.0542     0    11
1.5000   12.4998   -4.5661    0.0474     0    11
1.5000   12.4038   -4.5521    0.0443     0    11
1.5000   12.3080   -4.5070    0.0425     0    11
1.5000   12.2124   -4.3477    0.0393     0    11
1.5000   12.1171   -4.3614    0.0430     0    11
1.5000   12.0220   -4.4052    0.0571     0    11
1.5000   11.9272   -4.4921    0.1315     0    11
1.5000   11.3697   -4.4019    0.1000     0    13
1.5000   11.7437   -4.2535    0.1000     0    13
1.5000   12.1225   -4.4019    0.1500     0    13
1.5000   12.5052   -4.7512    0.1700     0    13
1.5000   12.8911   -4.8362    0.5000     0    13
1.5000   13.2794   -5.5582    1.0000     0    13
1.5000   10.1264   -3.1856    0.1400     1     9
1.5000   10.7431   -3.4440    0.1300     1     9
1.5000   11.3785   -3.8685    0.1200     1     9
1.5000   11.8657   -4.0714    0.1350     1     9
1.5000   12.1947   -4.2052    0.1000     1     9
1.5000   12.5267   -4.6751    0.0900     1     9
1.5000   12.8611   -5.2096    0.0850     1     9
1.5000   13.1977   -5.8661    0.0950     1     9
1.5000   13.5360   -6.6593    0.1250     1     9
1.5000   14.2166   -7.9650    0.1200     1     9
1.5000   15.4161   -9.8850    0.1800     1     9
1.5000   10.7653   -3.2549    0.2050     1    21
1.5000   11.4013   -3.8271    0.1100     1    21
1.5000   12.0532   -4.1978    0.0700     1    21
1.5000   12.8514   -5.3003    0.0600     1    21
1.5000   13.7977   -7.2420    0.1950     1    21
1.5000   14.6170   -8.4726    0.2550     1    21
1.5000   15.3031   -9.4923    0.2650     1    21
1.5000   11.0862   -3.7742    0.2000     2     1
1.5000   11.6656   -4.0371    0.2000     2     1
1.5000   12.1244   -4.3651    0.2000     2     1
1.5000   12.8568   -5.0738    0.2140     2     1
1.5000   13.5994   -6.5419    0.2500     2     1
1.5000   14.3077   -8.2161    0.3000     2     1
1.5000   11.4065   -4.2247    0.2000     2     1
1.5000   12.7227   -5.0365    0.2000     2     1
1.5000   14.0756   -7.3096    0.3000     2     1
1.5000   15.4460   -9.4933    0.5000     2     1
1.5000   11.1826   -4.6514    0.3260     2     3
1.5000   11.8294   -4.3900    0.2380     2     3
1.5000   12.4898   -4.5404    0.2010     2     3
1.5000   13.1603   -5.2284    0.2090     2     3
1.5000   13.8380   -6.1545    0.3210     2     3
1.5000    9.9677   -4.1365    0.8000     2     4
1.5000   10.5792   -4.2037    0.7000     2     4
1.5000   11.2099   -4.4794    0.8000     2     4
1.5000   11.8574   -4.5970    0.2500     2     4
1.5000   12.5182   -4.7123    0.2000     2     4
1.5000   13.1891   -5.1660    0.3500     2     4
1.5000   13.8670   -6.0430    0.4500     2     4
1.5000   12.5945   -4.8028    0.2100     3    20
1.5000   12.7488   -5.0628    0.1800     3    20
1.5000   12.9035   -4.9759    0.1000     3    20
1.5000   13.0586   -5.3886    0.1500     3    20
1.5000   13.2140   -5.6999    0.1500     3    20
1.5000   13.3697   -6.0884    0.1800     3    20
1.5000   13.5258   -6.1403    0.1800     3    20
1.5000   13.6820   -6.5723    0.3500     3    20
1.5000   13.8385   -6.8782    0.4000     3    20
1.5000   14.1521   -7.2143    0.4500     3    20
1.5000   11.3723   -3.6974    0.3000     3    19
1.5000   11.7464   -4.2580    0.3000     3    19
1.5000   12.1252   -4.3315    0.2000     3    19
1.5000   12.5080   -4.3465    0.2500     3    19
1.5000   12.8938   -5.1954    0.2000     3    19
1.5000   13.2822   -5.8063    0.2000     3    19
1.5000   13.6723   -6.6482    0.2500     3    19
1.5000   14.0639   -7.7022    0.5500     3    19
2.0000   14.1203   -7.5686    0.1529     0    12
2.0000   14.0026   -7.0866    0.0896     0    12
2.0000   13.8851   -6.8846    0.0718     0    12
2.0000   13.7677   -6.4925    0.0461     0    12
2.0000   13.6504   -6.2607    0.0359     0    12
2.0000   13.5332   -5.9693    0.0259     0    12
2.0000   13.4161   -5.7588    0.0208     0    12
2.0000   13.2992   -5.5298    0.0171     0    12
2.0000   13.1825   -5.3129    0.0303     0    12
2.0000   13.0659   -5.0983    0.2304     0    12
2.0000   13.7618   -6.5562    0.3010     0    11
2.0000   13.6640   -6.1514    0.1395     0    11
2.0000   13.5663   -5.9167    0.1102     0    11
2.0000   13.4688   -5.7053    0.0897     0    11
2.0000   13.3713   -5.5183    0.0765     0    11
2.0000   13.2739   -5.3851    0.0699     0    11
2.0000   13.1766   -5.3167    0.0689     0    11
2.0000   13.0795   -5.1678    0.0618     0    11
2.0000   12.9825   -5.0355    0.0560     0    11
2.0000   12.8856   -4.8965    0.0509     0    11
2.0000   12.7889   -4.9083    0.0506     0    11
2.0000   12.6924   -4.7489    0.0403     0    11
2.0000   12.5960   -4.6914    0.0388     0    11
2.0000   12.4998   -4.6829    0.0402     0    11
2.0000   12.4038   -4.5964    0.0387     0    11
2.0000   12.3080   -4.6202    0.0598     0    11
2.0000   12.2124   -4.4020    0.2323     0    11
2.0000   11.3697   -4.2739    0.1000     0    13
2.0000   11.7437   -4.1551    0.1000     0    13
2.0000   12.1225   -4.4351    0.1300     0    13
2.0000   12.5052   -4.7087    0.1700     0    13
2.0000   12.8911   -5.0145    0.5000     0    13
2.0000   13.2794   -5.7279    0.5000     0    13
2.0000   10.2787   -3.5972    0.1600     1     9
2.0000   11.0586   -4.0585    0.1400     1     9
2.0000   11.8657   -4.3399    0.0900     1     9
2.0000   12.6936   -4.7828    0.0900     1     9
2.0000   13.3666   -5.7813    0.1200     1     9
2.0000   13.8757   -6.5327    0.1350     1     9
2.0000   14.5584   -8.1824    0.1700     1     9
2.0000   11.7908   -3.9140    0.1600     1    21
2.0000   12.7174   -4.6614    0.1200     1    21
2.0000   13.6618   -6.0584    0.1300     1    21
2.0000   14.6170   -7.9832    0.3900     1    21
2.0000   11.5044   -4.3916    0.2170     1    10
2.0000   12.8243   -4.8402    0.2460     1    10
2.0000   12.2566   -5.0168    0.5000     2     1
2.0000   13.2608   -5.4360    0.3000     2     1
2.0000   14.3488   -7.2428    0.4000     2     1
2.0000   15.3085   -9.2321    0.8000     2     1
2.0000   11.4065   -4.0971    0.2000     2     1
2.0000   12.7227   -4.9014    0.2000     2     1
2.0000   14.0756   -7.1502    0.3000     2     1
2.0000   15.4460   -9.3341    0.5000     2     1
2.0000    9.9677   -4.1532    0.8000     2     4
2.0000   10.5792   -4.2199    0.7000     2     4
2.0000   11.2099   -4.4943    0.8000     2     4
2.0000   11.8574   -4.6116    0.2500     2     4
2.0000   12.5182   -4.7261    0.2000     2     4
2.0000   13.1891   -5.1425    0.3500     2     4
2.0000   13.8670   -6.0225    0.4500     2     4
2.0000   12.5945   -4.6031    0.2100     3    20
2.0000   12.7488   -4.8615    0.1800     3    20
2.0000   12.9035   -4.7714    0.1000     3    20
2.0000   13.0586   -5.1802    0.1500     3    20
2.0000   13.2140   -5.4886    0.1500     3    20
2.0000   13.3697   -5.8760    0.1800     3    20
2.0000   13.5258   -5.9280    0.1800     3    20
2.0000   13.6820   -6.3606    0.3500     3    20
2.0000   13.8385   -6.6670    0.4000     3    20
2.0000   14.1521   -7.0037    0.4500     3    20
2.5000   14.1203   -7.3689    0.1185     0    12
2.5000   14.0026   -7.2670    0.1070     0    12
2.5000   13.8851   -6.8151    0.0627     0    12
2.5000   13.7677   -6.5032    0.0447     0    12
2.5000   13.6504   -6.2515    0.0342     0    12
2.5000   13.5332   -6.0103    0.0273     0    12
2.5000   13.4161   -5.7900    0.0391     0    12
2.5000   13.2992   -5.4108    0.1883     0    12
2.5000   11.7437   -4.2140    0.1000     0    13
2.5000   12.1225   -4.5220    0.1000     0    13
2.5000   12.5052   -4.8646    0.1500     0    13
2.5000   12.8911   -5.2426    0.2500     0    13
2.5000   13.2794   -5.2586    0.3000     0    13
2.5000   10.2787   -3.6885    0.1600     1     9
2.5000   11.0586   -4.1471    0.1400     1     9
2.5000   11.8657   -4.4236    0.0900     1     9
2.5000   12.6936   -4.8647    0.0900     1     9
2.5000   13.3666   -5.8643    0.1200     1     9
2.5000   13.8757   -6.6139    0.1350     1     9
2.5000   14.5584   -8.2627    0.1700     1     9
2.5000   12.1851   -4.3720    0.1900     1    21
2.5000   13.0531   -5.4469    0.1750     1    21
2.5000   14.0020   -6.8670    0.1850     1    21
2.5000   15.0970   -8.9272    0.6050     1    21
2.5000   16.0806   -9.8453    0.4150     1    21
2.5000   11.5044   -4.5050    0.2170     1    10
2.5000   12.8243   -4.9503    0.2460     1    10
2.5000   12.2566   -5.1186    0.5000     2     1
2.5000   13.2608   -5.5306    0.3000     2     1
2.5000   14.3488   -7.3159    0.4000     2     1
2.5000   15.3085   -9.3007    0.8000     2     1
2.5000   12.3893   -4.8451    0.2000     2     1
2.5000   13.3960   -5.8433    0.2500     2     1
2.5000    9.9677   -4.2633    0.8000     2     4
2.5000   10.5792   -4.3290    0.7000     2     4
2.5000   11.2099   -4.6010    0.8000     2     4
2.5000   11.8574   -4.7151    0.2500     2     4
2.5000   12.5182   -4.8278    0.2000     2     4
2.5000   13.1891   -5.2394    0.3500     2     4
2.5000   13.8670   -6.0999    0.4500     2     4
2.5000   12.5945   -4.5366    0.2100     3    20
2.5000   12.7488   -4.7953    0.1800     3    20
2.5000   12.9035   -4.7055    0.1000     3    20
2.5000   13.0586   -5.1140    0.1500     3    20
2.5000   13.2140   -5.4216    0.1500     3    20
2.5000   13.3697   -5.8077    0.1800     3    20
2.5000   13.5258   -5.8585    0.1800     3    20
2.5000   13.6820   -6.2903    0.3500     3    20
2.5000   13.8385   -6.5963    0.4000     3    20
2.5000   14.1521   -6.9325    0.4500     3    20
3.0000   14.3558   -7.8404    0.2840     0    12
3.0000   14.2380   -7.5989    0.1748     0    12
3.0000   14.1203   -7.3271    0.3399     0    12
3.0000   14.0026   -7.1852    0.1424     0    12
3.0000   13.8851   -6.8733    0.2316     0    12
3.0000   13.7677   -6.5413    0.1462     0    12
3.0000   13.6504   -6.3093    0.1154     0    12
3.0000   13.5332   -6.2577    0.1233     0    12
3.0000   11.4490   -5.0335    0.4000     0    14
3.0000   11.8240   -4.7090    0.2500     0    14
3.0000   12.2037   -5.6430    0.7000     0    14
3.0000   12.5872   -5.0275    0.2000     0    14
3.0000   12.9737   -5.5180    0.5000     0    14
3.0000   13.3624   -5.2855    0.3000     0    14
3.0000   12.6735   -5.0482    0.0970     0    23
3.0000   12.8667   -5.1513    0.1250     0    23
3.0000   13.0605   -5.3235    0.1550     0    23
3.0000   13.2548   -5.6004    0.1760     0    23
3.0000   13.4496   -6.0155    0.2690     0    23
3.0000   13.6449   -5.8586    0.2340     0    23
3.0000   13.2296   -5.5641    0.1250     0    17
3.0000   13.4243   -5.9809    0.1000     0    17
3.0000   13.6195   -6.1499    0.0875     0    17
3.0000   13.8934   -6.9278    0.1750     0    17
3.0000   11.7437   -4.3668    0.2000     0    13
3.0000   12.1225   -4.6507    0.3000     0    13
3.0000   12.5052   -4.9301    0.3000     0    13
3.0000   12.8911   -4.9422    0.5000     0    13
3.0000   10.2787   -3.7662    0.1600     1     9
3.0000   11.0586   -4.2206    0.1400     1     9
3.0000   11.8657   -4.4895    0.0900     1     9
3.0000   12.6936   -4.9279    0.0900     1     9
3.0000   13.3666   -5.9366    0.1200     1     9
3.0000   13.8757   -6.6855    0.1350     1     9
3.0000   14.5584   -8.3333    0.1700     1     9
3.0000   12.1851   -4.3663    0.1900     1    21
3.0000   13.0531   -5.4479    0.1750     1    21
3.0000   14.0020   -6.8699    0.1850     1    21
3.0000   15.0970   -8.9287    0.6050     1    21
3.0000   16.0806   -9.8461    0.4150     1    21
3.0000   12.2566   -5.1995    0.5000     2     1
3.0000   13.2608   -5.6240    0.3000     2     1
3.0000   14.3488   -7.3761    0.4000     2     1
3.0000   15.3085   -9.3546    0.8000     2     1
3.0000   12.3893   -4.9060    0.2000     2     1
3.0000   13.3960   -5.9115    0.2500     2     1
3.0000   11.8294   -5.0478    0.3220     2     3
3.0000   12.4898   -5.5167    0.3040     2     3
3.0000   13.1603   -5.8485    0.2550     2     3
3.0000   13.8380   -7.2652    0.6740     2     3
3.0000   10.5792   -4.4368    0.7000     2     4
3.0000   11.2099   -4.6753    0.4500     2     4
3.0000   11.8574   -4.4637    0.4000     2     4
3.0000   12.5182   -5.2057    0.3000     2     4
3.0000   13.1891   -5.7396    0.4500     2     4
3.0000   13.8670   -6.0839    0.6000     2     4
3.0000   11.7307   -4.5548    0.1500     2     6
3.5000   14.1203   -7.4455    0.1177     0    12
3.5000   14.0026   -7.2136    0.0923     0    12
3.5000   13.8851   -6.8315    0.0594     0    12
3.5000   13.7677   -6.8093    0.0590     0    12
3.5000   13.6504   -6.5971    0.0487     0    12
3.5000   13.5332   -6.4149    0.0401     0    12
3.5000   13.4161   -6.2928    0.0414     0    12
3.5000   13.2992   -6.0110    0.0859     0    12
3.5000   13.2296   -5.7842    0.1250     0    17
3.5000   13.4243   -6.2036    0.1000     0    17
3.5000   13.6195   -6.3739    0.0875     0    17
3.5000   13.8934   -7.1524    0.1750     0    17
3.5000   11.7437   -4.4729    0.2000     0    13
3.5000   12.1225   -4.7514    0.3000     0    13
3.5000   12.5052   -5.0300    0.3000     0    13
3.5000   12.8911   -5.0514    0.5000     0    13
3.5000   11.7024   -4.7664    0.2250     1     9
3.5000   13.0292   -5.1840    0.1750     1     9
3.5000   14.3874   -7.7965    0.6200     1     9
3.5000   15.7601   -9.2656    0.3100     1     9
3.5000   12.1851   -4.3528    0.1900     1    21
3.5000   13.0531   -5.4490    0.1750     1    21
3.5000   14.0020   -6.8733    0.1850     1    21
3.5000   15.0970   -8.9309    0.6050     1    21
3.5000   16.0806   -9.8475    0.4150     1    21
3.5000   12.3893   -4.9576    0.2000     2     1
3.5000   13.3960   -5.9728    0.2500     2     1
3.5000   11.8294   -5.0378    0.3220     2     3
3.5000   12.4898   -5.5127    0.3040     2     3
3.5000   13.1603   -5.8598    0.2550     2     3
3.5000   13.8380   -7.2504    0.6740     2     3
3.5000   10.5792   -4.5161    0.7000     2     4
3.5000   11.2099   -4.7494    0.4500     2     4
3.5000   11.8574   -4.5303    0.4000     2     4
3.5000   12.5182   -5.2796    0.3000     2     4
3.5000   13.1891   -5.8269    0.4500     2     4
3.5000   13.8670   -6.1450    0.6000     2     4
4.0000   14.2380   -7.7045    0.1521     0    12
4.0000   14.0026   -7.3809    0.1078     0    12
4.0000   13.8851   -7.2988    0.1001     0    12
4.0000   13.7677   -7.0865    0.0798     0    12
4.0000   13.6504   -6.9740    0.0709     0    12
4.0000   13.5332   -6.7414    0.0649     0    12
4.0000   13.7044   -7.5625    0.1981     0    16
4.0000   14.0960   -8.6186    0.2843     0    16
4.0000   13.5683   -6.7555    0.3010     0    18
4.0000   13.7442   -7.1308    0.1637     0    18
4.0000   14.0301   -7.4237    0.2245     0    18
4.0000   13.2296   -6.0600    0.1250     0    17
4.0000   13.4243   -6.4811    0.1000     0    17
4.0000   13.6195   -6.6522    0.0875     0    17
4.0000   13.8934   -7.4311    0.1750     0    17
4.0000   11.7437   -4.5679    0.1700     0    13
4.0000   12.1225   -4.5938    0.1700     0    13
4.0000   12.5052   -5.4088    0.5000     0    13
4.0000   12.8911   -5.4422    0.5000     0    13
4.0000   11.7024   -4.7907    0.2250     1     9
4.0000   13.0292   -5.2277    0.1750     1     9
4.0000   14.3874   -7.8410    0.6200     1     9
4.0000   15.7601   -9.3088    0.3100     1     9
4.0000   12.1851   -4.3359    0.1900     1    21
4.0000   13.0531   -5.4519    0.1750     1    21
4.0000   14.0020   -6.8772    0.1850     1    21
4.0000   15.0970   -8.9335    0.6050     1    21
4.0000   16.0806   -9.8493    0.4150     1    21
4.0000   11.5044   -4.3914    0.4180     1    10
4.0000   13.4987   -6.3086    0.4480     1    10
4.0000   10.5792   -4.5828    0.7000     2     4
4.0000   11.2099   -4.8088    0.4500     2     4
4.0000   11.8574   -4.5839    0.4000     2     4
4.0000   12.5182   -5.3532    0.3000     2     4
4.0000   13.1891   -5.9015    0.4500     2     4
4.0000   13.8670   -6.1993    0.6000     2     4
4.5000   14.0026   -7.6875    0.1639     0    12
4.5000   13.8851   -7.6154    0.1528     0    12
4.5000   13.7677   -7.1430    0.0899     0    12
4.5000   13.6504   -7.1905    0.0967     0    12
4.5000   13.5332   -6.8978    0.5383     0    12
4.5000   12.1381   -5.1711    0.4250     0    15
4.5000   13.7044   -7.5705    0.1981     0    16
4.5000   14.0960   -8.6266    0.2843     0    16
4.5000   13.7442   -7.2980    0.2441     0    18
4.5000   13.9909   -7.6973    0.2949     0    18
4.5000   13.2296   -6.3415    0.1250     0    17
4.5000   13.4243   -6.7634    0.1000     0    17
4.5000   13.6195   -6.9348    0.0875     0    17
4.5000   13.8934   -7.7139    0.1750     0    17
4.5000   12.5052   -5.0851    0.3500     0    13
4.5000   12.8911   -5.5878    0.6000     0    13
4.5000   11.7024   -4.8059    0.2250     1     9
4.5000   13.0292   -5.2691    0.1750     1     9
4.5000   14.3874   -7.8820    0.6200     1     9
4.5000   15.7601   -9.3484    0.3100     1     9
4.5000   12.1851   -4.3231    0.1900     1    21
4.5000   13.0531   -5.4561    0.1750     1    21
4.5000   14.0020   -6.8814    0.1850     1    21
4.5000   15.0970   -8.9364    0.6050     1    21
4.5000   16.0806   -9.8514    0.4150     1    21
4.5000   11.5044   -4.4290    0.4180     1    10
4.5000   13.4987   -6.3731    0.4480     1    10
4.5000   10.5792   -4.6369    0.7000     2     4
4.5000   11.2099   -4.8544    0.4500     2     4
4.5000   11.8574   -4.6335    0.4000     2     4
4.5000   12.5182   -5.4255    0.3000     2     4
4.5000   13.1891   -5.9635    0.4500     2     4
4.5000   13.8670   -6.2489    0.6000     2     4
5.0000   14.0026   -7.9020    0.1639     0    12
5.0000   13.8851   -7.8299    0.1528     0    12
5.0000   13.7677   -7.3577    0.0899     0    12
5.0000   13.6504   -7.4051    0.0967     0    12
5.0000   13.5332   -7.1123    0.5383     0    12
5.0000   12.1381   -5.4720    0.4250     0    15
5.0000   13.7442   -7.5428    0.2441     0    18
5.0000   13.9909   -7.9420    0.2949     0    18
5.0000   11.5044   -4.4604    0.4180     1    10
5.0000   13.4987   -6.4325    0.4480     1    10
5.0000   11.5318   -4.6810    0.6000     2     4
5.5000   11.5318   -4.7229    0.6000     2     4
6.0000   13.6113   -7.6213    0.4485     0    18
6.0000   13.8616   -8.2623    0.1728     0    18
6.0000   14.0066   -8.4701    0.1136     0    18
6.0000   14.3047   -9.0489    0.2915     0    18
6.0000   11.5318   -4.7719    0.6000     2     4
