6.00000  0.00000  0.00000  1.00000
6.20000  0.00000  0.00000  1.00000
6.40000  0.00000  0.00000  1.00000
6.60000  0.00000  0.00000  0.00000
6.80000  0.00000  0.00000  0.00000
7.00000  0.00000  0.00000  0.00000
7.20000  0.00000  0.00000  0.00000
7.40000  0.00000  0.00000  0.00000
7.60000  0.00000  0.00000  0.00000
7.80000  0.00000  0.00000  0.00000
8.00000  0.00000  0.00000  1.00000
8.20000  2.00000  1.00000  4.00000
8.40000  26.0000  20.0000  31.0000
8.60000  269.000  244.000  284.000
8.80000  727.000  695.000  755.000
9.00000  1178.00  1135.00  1212.00
9.20000  1491.00  1443.00  1533.00
9.40000  1585.00  1543.00  1626.00
9.60000  1352.00  1298.00  1386.00
9.80000  1199.00  1135.00  1233.00
10.0000  1068.00  1000.00  1100.00
10.2000  857.000  795.000  888.000
10.4000  597.000  555.000  622.000
10.6000  396.000  372.000  417.000
10.8000  247.000  229.000  262.000
11.0000  117.000  104.000  128.000
11.2000  48.0000  40.0000  55.0000
11.4000  15.0000  11.0000  19.0000
11.6000  7.00000  5.00000  10.0000
11.8000  1.00000  0.00000  3.00000
12.0000  0.00000  0.00000  0.00000
