6.00000  0.00000  0.00000  0.00000  0.00000  0.00000  0.00000  0.00000  0.00000  0.00000
6.20000  0.00000  0.00000  0.00000  0.00000  0.00000  0.00000  0.00000  0.00000  0.00000
6.40000  0.00000  0.00000  0.00000  0.00000  0.00000  0.00000  0.00000  0.00000  0.00000
6.60000  0.00000  0.00000  0.00000  0.00000  0.00000  0.00000  0.00000  0.00000  0.00000
6.80000  0.00000  0.00000  0.00000  0.00000  0.00000  0.00000  0.00000  0.00000  0.00000
7.00000  0.00000  0.00000  0.00000  0.00000  0.00000  0.00000  0.00000  0.00000  0.00000
7.20000  0.00000  0.00000  0.00000  0.00000  0.00000  0.00000  0.00000  0.00000  0.00000
7.40000  0.00000  0.00000  0.00000  0.00000  0.00000  0.00000  0.00000  0.00000  0.00000
7.60000  0.00000  0.00000  1.00000  0.00000  0.00000  0.00000  0.00000  0.00000  0.00000
7.80000  1.00000  0.00000  3.00000  0.00000  0.00000  0.00000  0.00000  0.00000  0.00000
8.00000  6.00000  4.00000  9.00000  0.00000  0.00000  0.00000  0.00000  0.00000  1.00000
8.20000  19.0000  14.0000  23.0000  0.00000  0.00000  0.00000  1.00000  0.00000  2.00000
8.40000  31.0000  26.0000  37.0000  0.00000  0.00000  0.00000  2.00000  0.00000  3.00000
8.60000  51.0000  44.0000  58.0000  0.00000  0.00000  1.00000  4.00000  2.00000  6.00000
8.80000  64.0000  56.0000  72.0000  0.00000  0.00000  1.00000  6.00000  4.00000  9.00000
9.00000  55.0000  48.0000  63.0000  2.00000  1.00000  4.00000  6.00000  4.00000  9.00000
9.20000  43.0000  36.0000  49.0000  8.00000  5.00000  11.0000  1.00000  0.00000  3.00000
9.40000  39.0000  33.0000  46.0000  16.0000  12.0000  21.0000  1.00000  0.00000  3.00000
9.60000  37.0000  31.0000  43.0000  32.0000  27.0000  38.0000  0.00000  0.00000  1.00000
9.80000  18.0000  14.0000  23.0000  17.0000  13.0000  21.0000  0.00000  0.00000  0.00000
10.0000  7.00000  4.00000  9.00000  7.00000  4.00000  9.00000  0.00000  0.00000  0.00000
10.2000  1.00000  0.00000  2.00000  1.00000  0.00000  2.00000  0.00000  0.00000  0.00000
10.4000  0.00000  0.00000  0.00000  0.00000  0.00000  0.00000  0.00000  0.00000  0.00000
10.6000  0.00000  0.00000  0.00000  0.00000  0.00000  0.00000  0.00000  0.00000  0.00000
10.8000  0.00000  0.00000  0.00000  0.00000  0.00000  0.00000  0.00000  0.00000  0.00000
11.0000  0.00000  0.00000  0.00000  0.00000  0.00000  0.00000  0.00000  0.00000  0.00000
11.2000  0.00000  0.00000  0.00000  0.00000  0.00000  0.00000  0.00000  0.00000  0.00000
11.4000  0.00000  0.00000  0.00000  0.00000  0.00000  0.00000  0.00000  0.00000  0.00000
11.6000  0.00000  0.00000  0.00000  0.00000  0.00000  0.00000  0.00000  0.00000  0.00000
11.8000  0.00000  0.00000  0.00000  0.00000  0.00000  0.00000  0.00000  0.00000  0.00000
12.0000  0.00000  0.00000  0.00000  0.00000  0.00000  0.00000  0.00000  0.00000  0.00000
