# ID RA DEC log10(M_star/M_sun) j_star [kpc km s^-1] "log10(M_star D/M_sun)" "j_star D [kpc km s^-1]"
0 0.19954 14.27755 10.552615676107438 575.9659886755182 10.268173360891609 975.8215381852777
1 0.54247 14.1362 10.695876473508664 732.7824363591883 10.362152688765516 1371.3996850512601
2 1.50998 14.41746 9.181786627041822 411.1395332074946 9.181786627041822 411.1395332074946
3 1.63573 15.66799 10.259274842074134 509.81488944275884 10.17159340458887 617.0043815360171
4 2.08654 15.15601 9.901780955578841 501.1615532969596 9.901780955578841 501.1615532969596
5 5.13605 15.34736 10.02727040799346 688.4132019486975 10.02727040799346 688.4132019486975
6 5.93277 14.30672 9.295781239909367 416.5381987597742 9.258500637800806 451.00903985899316
7 6.40208 14.11529 8.993048303626367 151.48702463999365 8.993048303626367 151.48702463999365
8 6.48359 15.63752 10.081600200795995 411.0057865147562 10.081600200795995 411.0057865147562
9 6.49573 14.34799 10.166079803842834 887.1595746477986 10.166079803842834 887.1595746477986
10 7.19513 15.0915 10.62811337480687 941.6908945539741 10.59039316529149 1024.9671071242412
11 7.40992 0.41037 9.24450565226638 284.9789984949747 9.24450565226638 284.9789984949747
12 7.92941 14.48647 10.553356721441537 2110.543770868902 10.553356721441537 2110.543770868902
13 10.35548 13.72639 10.027874396201323 568.4923996119599 10.027874396201323 568.4923996119599
14 11.63148 14.98497 10.386288991007927 429.0290626745461 9.949477565112195 723.6116403597692
15 11.89638 14.15513 10.175569318953267 660.9949429895748 10.033781254558692 883.8520650070266
16 12.2654 15.48553 9.235230754804824 201.98107383282672 9.235230754804824 201.98107383282672
17 12.89187 13.91464 10.191994736705645 445.774150984542 10.191994736705645 445.774150984542
18 13.11632 14.51829 9.792670678186331 814.7387439694619 9.792670678186331 814.7387439694619
19 13.88588 15.77582 10.038929439060208 394.7986601630082 10.038929439060208 394.7986601630082
20 14.29028 14.65185 10.607527590173236 953.2451135519916 10.321322810926263 1611.867375627908
21 15.72436 14.19455 10.632506351934609 750.6095475987806 10.353061840281242 937.3064979575455
22 17.27486 14.75578 10.30078838316387 445.6207103015704 9.531024100076392 1135.904773598444
23 18.09092 15.01085 10.078321601634316 271.8344052058573 9.998006465622863 321.1583086394519
24 18.7573 15.4135 10.278186454516295 473.4660068731719 9.908206824133043 839.3050804294887
25 19.22327 0.15313 9.27252817878009 252.81985517704516 9.27252817878009 252.81985517704516
26 19.31707 14.62238 10.637084078920154 526.5848602084865 10.465373165060289 458.36119779066036
27 19.51281 15.54013 10.260541452970577 670.7137822512202 10.260541452970577 670.7137822512202
28 19.8873 14.87195 9.40642907763979 177.5033092493511 9.40642907763979 177.5033092493511
29 20.2889 15.69477 9.432465672369592 355.71750374322284 9.36349178839969 406.09052884473385
30 20.37777 14.50498 9.794243768410674 280.32380983717076 9.794243768410674 280.32380983717076
31 20.82008 14.65901 10.230778128480397 587.2673559739427 10.230778128480397 587.2673559739427
32 21.22751 14.21848 9.125583723272422 289.0969835338782 9.125583723272422 289.0969835338782
33 21.34867 14.51999 11.20896348367114 2828.8733856809877 11.101042246042198 3529.2863821151036
34 22.17516 14.60924 10.833151889771102 1544.5429972324582 10.572628575638916 2324.35674483265
35 23.01915 15.50037 10.892277481023006 1110.7809335155775 10.722964569258524 1538.6130525582637
36 24.40472 0.04017 9.262777530709366 345.3427387424913 9.262777530709366 345.3427387424913
37 25.85817 13.85468 9.973017826569782 798.7135657318431 9.932550695952264 868.4281435286597
38 26.50747 14.23919 10.779412823037788 1198.4508199194322 10.580581592251962 1815.5637099191977
39 26.97986 12.69196 9.183545087032584 403.6837755665029 9.183545087032584 403.6837755665029
40 27.01502 12.93462 9.31781037470307 104.0031167227118 9.31781037470307 104.0031167227118
41 27.35337 13.36894 9.96470527614603 496.277741939842 9.846730488362116 537.2398612694665
42 27.61396 14.19447 10.13331458438503 645.8762392119248 10.033216412522304 747.0499401645598
43 27.63449 13.66173 9.112277802555214 500.58355925577246 9.112277802555214 500.58355925577246
44 28.18504 13.19259 10.219266930992577 338.32111701268377 10.079408821557173 451.8365004169233
45 28.51529 14.90949 9.38342221345099 947.6895550268564 9.38342221345099 947.6895550268564
46 29.02689 12.56757 10.753634374549874 805.6391774980175 10.492215571385382 1202.6604829226053
47 29.21666 13.21278 10.976786315996533 838.5518183539274 10.976786315996533 838.5518183539274
48 29.29084 14.54988 11.023629948346153 1872.7284076325077 10.891315272842856 2443.8460859557063
49 29.32668 13.12939 10.42067807616721 188.97549893094595 10.283997857250727 210.81967821861778
50 29.42718 13.38858 10.821152870508516 924.3302514798238 10.60324921233296 1262.4638536629811
51 29.87904 13.94377 9.725239350264758 796.6763003339323 9.662362335180726 900.9252516022232
52 29.94128 13.7813 10.19373538900396 693.7605016015589 10.19373538900396 693.7605016015589
53 30.26726 14.70096 9.064665996318956 487.84087894824296 9.064665996318956 487.84087894824296
54 30.99645 14.31038 10.716939151598503 1645.2913153936 10.632486243531888 1932.2622257373741
55 31.46867 14.42119 10.431061583785088 850.0907311742918 10.431061583785088 850.0907311742918
56 32.12446 12.73333 10.368470866404424 493.05841877519794 10.140324910788335 765.4163880629535
57 32.84092 14.50432 10.74514182151405 1473.243258907214 10.6833770330115 1671.2151535338724
58 32.881 14.20067 10.304023215198763 565.9700566054644 10.172918871304956 732.9417035967962
59 32.90393 14.51257 10.248170960521115 956.4832466842819 10.15779750028681 1154.6834661471582
60 33.08076 13.61269 10.540983728575798 706.4840781446934 10.51203951303247 753.2062327272878
61 33.45539 13.84327 10.504443200341477 335.81160104404154 10.329833323564241 465.8759056701318
62 33.51833 13.19898 10.558632042439385 947.3286746040087 10.305850904878797 1441.4514213323018
63 33.58021 13.93647 10.447180967542574 388.58389733349713 10.317280631790615 507.9844600095216
64 116.39151 18.80336 11.132012536542591 2218.468852708513 10.897004635163762 3497.244661128072
65 117.98208 27.30297 10.662156083833796 1289.4517404457324 10.612784807757075 1400.0761563911815
66 118.18124 24.12217 11.038806134542103 4051.527786751594 10.949130634781556 4722.728225546315
67 118.37307 14.02303 10.028628177225615 504.33092652183535 10.028628177225615 504.33092652183535
68 118.43489 13.33743 9.83198489395449 427.6295616080788 9.83198489395449 427.6295616080788
69 118.5187 13.95411 10.371446426644487 569.6432893764122 10.176682908449724 761.548663835604
70 118.63758 29.71078 9.317243771515013 539.0667410925747 9.317243771515013 539.0667410925747
71 118.74107 14.45524 10.976455793295713 1757.221583472021 10.74539423723077 2800.131300341522
72 119.0693 11.66217 11.065597695192658 2395.6225631983707 10.943831469915612 3073.0064014107356
73 119.07128 14.60269 10.936547924828327 1953.3186141259664 10.850546222670335 2343.8889678348637
74 120.15858 13.65639 9.283102313269108 185.46277914037685 9.283102313269108 185.46277914037685
75 120.20161 10.0836 9.536524965788086 212.50263094820247 9.536524965788086 212.50263094820247
76 120.52729 9.37732 9.17140082581545 123.85352563333062 9.17140082581545 123.85352563333062
77 120.59141 10.15185 8.896910148243194 133.6627550099015 8.896910148243194 133.6627550099015
78 120.69982 7.43162 9.031824372745767 151.98723445842825 9.031824372745767 151.98723445842825
79 120.95908 10.5485 9.222524217012957 338.42010415901024 9.222524217012957 338.42010415901024
80 121.01604 15.08846 10.29805509245573 557.753505668094 10.281867123966595 583.6642675552266
81 121.06264 8.73207 9.097025034507935 637.9548856474939 9.097025034507935 637.9548856474939
82 121.23475 10.43918 10.102219932600462 711.7177180429486 10.102219932600462 711.7177180429486
83 121.36715 35.94669 11.136013897319994 2567.1295948830734 11.020867026580753 3250.0943480936317
84 121.3921 10.3934 10.942778314575612 2606.3831180488933 10.781674690671853 3613.8164769687173
85 121.85341 6.86321 9.817907319622483 324.5210157990267 9.817907319622483 324.5210157990267
86 122.30825 16.98756 9.914669318806384 632.985365366207 9.914669318806384 632.985365366207
87 122.76984 6.2986 9.366987216950676 198.414753422647 9.205594198467617 263.46075854017175
88 123.06177 35.15705 9.456047064020277 461.49956838944536 9.456047064020277 461.49956838944536
89 123.84752 28.73535 9.605786916754726 379.71666028745614 9.605786916754726 379.71666028745614
90 124.25942 15.62955 8.998465317268854 117.72001582215951 8.998465317268854 117.72001582215951
91 124.60739 29.95956 9.815669513947213 536.8886677952122 9.795516584017703 556.2874710230293
92 124.70458 21.21824 9.456541799365562 407.9405962150013 9.456541799365562 407.9405962150013
93 124.81608 19.31324 9.482026625192507 383.0903950208589 9.482026625192507 383.0903950208589
94 124.832451 21.058851 9.493293323355728 212.50790101451796 9.376697870471906 263.7408800055464
95 124.8838 21.3943 9.937100180910916 771.9265255818348 9.918765586128286 803.5768953131435
96 125.50794 4.39257 9.329878598528788 181.53845688910374 9.329878598528788 181.53845688910374
97 126.530991 21.456709 9.662557273901896 327.1473556243809 9.662557273901896 327.1473556243809
98 128.57249 14.54792 9.40328533084764 328.62908899066383 9.40328533084764 328.62908899066383
99 128.87576 23.67621 9.900375928480521 312.29116044406356 9.900375928480521 312.29116044406356
100 129.52283 4.328398 11.100848694242876 2704.7612126894905 10.8557908303374 3658.8961248130254
101 129.69577 7.48071 10.838924224176317 1503.8096232227672 10.476885211299809 2974.7556948594192
102 129.92358 27.72563 8.93838924765542 237.46539367417867 8.93838924765542 237.46539367417867
103 130.71951 25.07041 9.595365081417198 831.0258616745319 9.541494104243954 920.4196678270541
104 130.77768 26.80588 9.771663966193268 368.606663643384 9.74150467660288 392.2702795404972
105 133.82808 27.34616 9.632427248625449 211.895999278451 9.632427248625449 211.895999278451
106 134.21394 27.2701 9.858216259190389 287.29572425258755 9.71779221665557 376.93182331192753
107 134.35014 20.71053 10.47542740898793 744.2081137131858 10.311010198113884 1041.7222415481197
108 135.0461 7.7261 10.700767215072803 1057.9766006964119 10.587145198930699 1333.253528163999
109 135.31519 4.1181 10.200282040750224 1175.4161092230684 10.200282040750224 1175.4161092230684
110 135.42056 11.08298 10.12229270778657 822.744527421304 9.989600646085567 1064.3308278176698
111 135.72888 13.6607 10.234505336378245 768.3672658392069 10.234505336378245 768.3672658392069
112 136.02025 22.06158 8.975959989300549 224.0609230768696 8.975959989300549 224.0609230768696
113 136.15446 13.55411 11.0149422007218 1861.432948891338 10.957781719024355 2108.728184803824
114 136.16478 5.51205 10.606035030468773 800.3483392059447 10.208678012541014 1498.0466484781318
115 138.30708 11.77132 9.343721599432577 187.15696386771393 9.343721599432577 187.15696386771393
116 138.6836 8.60147 10.021513318928681 414.8722046389446 10.032744236023792 420.46715365187566
117 139.1658 7.26638 9.756392302568278 833.4103934772005 9.756392302568278 833.4103934772005
118 139.19835 9.89132 9.74560209129928 615.7039218919598 9.74560209129928 615.7039218919598
119 139.61848 6.33437 10.234256908152778 352.1750027953986 10.156172875398605 416.89210776796824
120 139.63062 6.87317 10.644413912519564 368.4431276229958 10.169094942326883 853.851353623753
121 139.66711 10.58796 10.645243904569606 1213.9764243855566 10.226948511081172 1728.3059902464827
122 139.87297 34.30286 10.624674269639995 893.5145493084352 10.624674269639995 893.5145493084352
123 139.88799 5.88276 10.58678383166083 2392.141104357891 10.533403120230226 2683.251052885928
124 140.13416 7.07407 9.820293741446754 409.5257815223319 9.776047676250894 448.3819575843708
125 140.622 14.46205 10.382892883234145 859.8026331090666 10.267243116358264 975.6576473107159
126 141.0607 11.1106 9.579781760558996 449.6774960952647 9.522414323488363 499.5263046177751
127 141.35345 11.07377 9.510952101301498 401.7733793751058 9.388903388845245 445.9814645620429
128 141.78365 29.4023 10.390615309775272 678.8635292777815 10.078791237935398 1058.3055527928807
129 141.87004 3.9296 9.995397080233106 456.327298519202 9.70721334630351 572.2655509061855
130 142.37981 23.89358 9.066015334449581 376.9278178496285 9.066015334449581 376.9278178496285
131 142.38715 13.1928 9.699161012091855 272.4254948609872 9.554687070535746 269.3502043912896
132 142.53828 28.8976 10.463464076171224 779.4724227025313 10.463464076171224 779.4724227025313
133 142.75375 6.56257 9.965253857525946 563.9781809911083 9.965253857525946 563.9781809911083
134 142.90205 6.95239 9.972081734559124 483.3878445183114 9.90420725158629 555.7796142797246
135 143.0033 12.26181 9.082800054253989 542.0774818043086 9.082800054253989 542.0774818043086
136 143.51132 9.4792 9.747751885583849 359.8334547433537 9.663818300071574 420.17188020540914
137 143.74614 25.82568 9.187922962823372 62.13405329291777 9.187922962823372 62.13405329291777
138 143.7584 9.92012 10.063968473070434 267.7152413317646 9.937152331618497 347.6637829506424
139 144.1012 32.07933 10.398635859112106 807.6311916524745 10.183163239930344 1068.9446322428605
140 144.16974 2.70355 9.346665560261373 263.56991483237493 9.346665560261373 263.56991483237493
141 144.25969 9.54001 9.716122776918072 514.0094098020103 9.716122776918072 514.0094098020103
142 144.51099 27.65657 9.603861174339675 459.84131394410184 9.603861174339675 459.84131394410184
143 144.84697 6.40167 11.021581171600571 1657.9959164302602 10.898662583945773 2115.202450589907
144 144.9673 16.917933 10.838213570674847 2582.075732889615 10.654581819988444 3506.706805306767
145 144.97343 3.81395 10.402675953727131 422.86912087890863 10.089842568427427 677.432958918427
146 145.13263 28.96933 9.543319734688481 442.44423746154723 9.241704748816419 827.3324073435596
147 145.87419 9.42079 9.953501347325584 375.1499245407828 9.743746811289295 550.2348087381718
148 146.08095 9.98479 9.636907559828519 102.37414029602748 9.636907559828519 102.37414029602748
149 146.59425 9.16523 9.710565218394809 740.1250556007453 9.682908282611844 787.0353217171036
150 146.62926 15.88632 9.422245285036787 333.8315552991168 9.399491779129391 350.06456821543907
151 146.925583 9.161055 9.223473444304 328.6444389798996 9.223473444304 328.6444389798996
152 146.96548 8.83079 9.392799147472743 819.7195785129016 9.392799147472743 819.7195785129016
153 147.53003 12.74613 10.100862602377303 1065.410694064726 10.066526360040845 1143.6799306821654
154 147.82651 9.13923 9.459862950024071 399.70185169718513 9.439330948146049 417.52009858301363
155 147.86574 7.26371 9.016597058095263 156.08587744441326 9.016597058095263 156.08587744441326
156 147.93713 35.62213 10.380544876651655 574.9383788198064 10.380544876651655 574.9383788198064
157 147.95892 8.37052 10.510761863912222 727.5529530192591 10.265046332873105 1174.8405910082597
158 148.01584 19.65112 9.834312968483896 466.62431194709797 9.834312968483896 466.62431194709797
159 148.168869 25.089537 9.045556219301483 259.2413243248934 9.045556219301483 259.2413243248934
160 148.25748 7.46012 10.330541319994198 485.1607956863771 10.330541319994198 485.1607956863771
161 148.26093 7.84149 10.533773544322486 1033.446963134357 10.436976408398108 1255.8192625620497
162 148.35237 7.8323 10.743722479723948 901.1674149422101 10.530632402537424 1152.4692190189808
163 148.40462 12.12926 9.978979016899965 706.3993007834762 9.801902589332999 984.043893384475
164 148.45512 9.19379 10.568715277438994 903.5723556845768 10.357664488471316 1331.4569854468987
165 148.46454 13.61511 9.743054572234682 586.753663646165 9.743054572234682 586.753663646165
166 148.57011 10.58265 10.54082021871871 386.10663892375317 10.328774600461557 577.2061097829443
167 148.94292 3.4048 9.260594924673898 399.89799661521226 9.260594924673898 399.89799661521226
168 149.17703 15.63648 9.632202958927206 758.9275727160682 9.632202958927206 758.9275727160682
169 149.55249 11.10987 9.960233290764517 206.0322343706619 9.794175242587674 278.2755195273681
170 149.61819 11.30256 9.225656965169838 138.60039943176076 8.906215943218223 269.35278872592676
171 149.62732 10.183 9.065947403382209 158.693800192399 9.065947403382209 158.693800192399
172 149.72221 15.37995 9.50293849164013 473.5062297538911 9.420493989470177 521.2836264873432
173 150.46954 3.01132 10.766910751276098 961.3431813954755 10.529149452533916 1560.6984003751675
174 151.19861 5.3686 9.088421572391319 355.9232819442307 9.088421572391319 355.9232819442307
175 151.37611 5.67207 10.968376088668448 1409.005904727837 10.83631351846718 1763.6622389347233
176 153.78479 5.24334 9.007222145973532 246.00220122892276 9.007222145973532 246.00220122892276
177 154.15997 12.57738 10.922895981575431 1615.8196967332183 10.530092877574301 2511.867850229322
178 154.30299 13.19205 9.663346842064485 457.63837283788195 9.663346842064485 457.63837283788195
179 154.65547 3.26361 9.078888395399423 192.53516102627867 9.078888395399423 192.53516102627867
180 154.65862 13.22656 9.627534616322604 454.90759700523 9.627534616322604 454.90759700523
181 154.92207 12.84298 10.315400144388025 948.7436147195785 10.083064461413487 1318.5393832810073
182 155.10483 7.67717 10.922018813974036 1418.9074236205245 10.738554226733374 2033.7399437444142
183 155.23145 8.31375 10.674662107778278 1037.6058722433108 10.339421289448566 1770.5621799809471
184 155.41194 13.31267 10.970578660766957 1683.5129325316466 10.82214146820759 2314.7678852436366
185 155.45718 13.44712 10.801734793202883 1032.7609366765275 10.55965664038954 1671.9837812949595
186 155.4774 11.46552 9.264012405230606 207.05315806370422 9.264012405230606 207.05315806370422
187 155.62996 4.58243 10.831831616935375 814.5687501407573 10.519859583868962 1481.0375228558544
188 155.66132 12.0883 10.741502200404563 1024.0943866232192 10.58864093844809 1400.1030010209163
189 155.67169 8.33424 10.549073296548094 1112.082837244896 10.176893945273711 1991.9103402665885
190 155.81842 11.85568 10.573190938388125 1330.9505587434835 10.573190938388125 1330.9505587434835
191 156.84157 11.07998 11.158165999356278 3243.724622959145 11.08173901682434 3831.8474364164845
192 156.8642 13.42396 9.980681307816534 451.5352073824673 9.944691340825736 488.5793786653406
193 157.01204 10.77513 10.98362662044125 941.8721312414782 10.98362662044125 941.8721312414782
194 158.07054 12.05608 10.465508937471517 677.6157292296631 10.184052184596796 1075.2588146048881
195 158.1958 21.21564 10.572236717317073 936.0313670053521 10.572236717317073 936.0313670053521
196 158.45827 12.87836 10.455804693775931 1203.6172033690004 10.404595526771468 1337.9398024664379
197 158.47363 24.0221 9.828509520569169 622.3669683674887 9.6989106608872 729.6185010742514
198 158.78922 25.03809 10.004628064255224 161.60273246354197 9.472287137154234 362.6332439737879
199 158.8546 3.29443 9.050930675732815 283.69022916016127 9.050930675732815 283.69022916016127
200 159.04707 13.1737 10.044699326300918 182.08752146620714 10.044699326300918 182.08752146620714
201 159.0913 11.88806 10.194020709869964 512.5700073132375 10.137485715639196 582.12229439787
202 159.53397 13.29364 10.261609506799546 643.3926102449494 10.1942076284508 743.5971210565198
203 159.7746 13.36487 10.022695899521151 571.1059232383662 9.9299417082012 691.5512568542721
204 159.80478 31.11403 9.495100389681378 670.8542086854212 9.399490718106067 800.9316062688966
205 159.8048 12.19194 11.268812969842134 2487.1608088190706 10.970048925141835 2909.1829050383544
206 160.01234 6.02058 11.079433317396708 3153.397215958909 11.016617985432994 3558.5694543071654
207 160.22997 5.99141 10.972664227775295 1545.1708822824614 10.972664227775295 1545.1708822824614
208 160.3381 6.27898 9.90517371068884 477.74870098622307 9.90517371068884 477.74870098622307
209 160.50311 11.78002 10.42297470945392 430.639685330631 10.140198970983773 754.6237445772766
210 160.71416 5.85989 10.92747065927005 1483.287569968698 10.626146907836985 2606.4618248385787
211 160.91261 4.97048 9.729932418947913 483.07007749654207 9.68451838221128 530.2753272734437
212 161.00922 4.66301 10.365632818732472 713.0134723407026 10.213210815731518 946.8130863805418
213 161.01025 22.25754 9.584246032098655 275.74267869006974 9.584246032098655 275.74267869006974
214 162.05849 13.21702 9.690222647839247 264.20318853959265 9.730576346176923 250.51800319084896
215 162.24509 13.01626 10.733625391656005 1036.707898587816 10.581140170429684 1439.1205405593494
216 163.3137 4.3342 10.697662731033637 629.3203164780905 10.508182221310197 900.7219494051816
217 163.3176 11.6389 10.451310887154163 640.3765891999126 10.255156518848608 861.900003633839
218 163.80258 5.86256 9.297813348217343 264.7560640093422 9.297813348217343 264.7560640093422
219 164.33998 12.10307 10.107206696089822 1046.5529587976653 10.107206696089822 1046.5529587976653
220 164.57086 4.79225 9.477242077847981 493.83130096852767 9.477242077847981 493.83130096852767
221 164.77951 5.00623 10.530821571994847 1536.1535629197813 10.400128115856726 2018.088698130051
222 164.87479 8.70921 11.01742574024013 1635.12886629438 10.573743525632382 3052.5107362661065
223 164.89809 8.92683 10.529939664963958 899.6518702265049 10.4716736289693 1018.978815056809
224 165.01617 17.424355 10.806559104355246 1058.8497065814602 10.424265700129627 2348.3543765816103
225 165.13548 2.11607 10.928809691486716 1939.4648944581738 10.803176087273117 2465.4506038821437
226 165.18324 9.04529 10.181055444988317 783.987421796667 10.012527463693061 1055.2961738514575
227 165.20973 13.59763 10.277185703322145 723.5431626918777 10.277185703322145 723.5431626918777
228 165.91458 31.85817 11.115880437294768 2427.71430211356 10.843918117904824 2908.454506049173
229 166.76794 7.80401 10.452847610179933 1016.8344745263815 10.275838749049376 1393.3511592865075
230 167.26198 5.03164 9.188286706464266 381.37365621770056 9.188286706464266 381.37365621770056
231 168.27669 5.23417 10.774484371678303 906.183809680984 10.162342093729407 2188.050685635102
232 168.5202 9.15667 10.098539661579105 552.9958165751004 10.098539661579105 552.9958165751004
233 168.68063 4.02452 11.298423128344128 3430.7996767518607 11.298423128344128 3430.7996767518607
234 168.78918 2.69902 10.540201663124522 1598.8385841387594 10.407559473276269 2121.4662641723066
235 169.0172 10.16254 9.70572767167347 840.6229586817773 9.70572767167347 840.6229586817773
236 169.23036 27.57242 9.099754081841244 357.9456568892709 9.040521042134387 401.9723724139351
237 169.34116 27.67321 10.130135137745933 783.3865300075998 10.130135137745933 783.3865300075998
238 170.12183 4.12838 11.300679776843213 3189.7025470706344 11.162283903275984 4223.448787093201
239 170.4268 3.57348 10.364901125351263 991.1522725974096 10.284482018590033 1174.7104183787753
240 170.57465 12.72253 9.154800445286412 294.79932608911105 9.154800445286412 294.79932608911105
241 170.79846 13.11772 10.634560179530851 335.62242470319944 10.035217232129297 792.4145203655187
242 171.68613 12.84842 10.542238809457348 647.1783949331592 10.432775626257127 824.395033745282
243 171.8816 12.14288 10.729765199912817 985.3533879306946 10.692711638466958 1065.3870572458486
244 171.91312 23.75794 9.305702740968927 211.85392842737278 9.305702740968927 211.85392842737278
245 171.94283 26.9596 10.509009901662344 576.985604840022 10.173464071294315 1110.5977853280124
246 172.33624 8.60233 10.23532630510364 623.9481527110933 10.201100402343748 671.5220753597733
247 172.40918 9.96759 9.195929346316127 246.64836570357 9.195929346316127 246.64836570357
248 172.7654 20.23564 10.068353684943421 558.2061651617662 9.917984115569762 752.7599724985001
249 173.05179 13.49246 10.077275259290156 889.0344377243774 10.005871756126385 1006.6874059168904
250 174.2579 15.57061 9.872544967829638 788.1555031768517 9.806128774104401 856.3778421918848
251 174.26743 24.09626 10.898763691169853 2446.0500617982084 10.7237147575614 3365.639605969465
252 174.2753 11.87715 10.912094190989336 575.0536164894241 10.77108767484378 768.5508960673193
253 174.37805 15.48634 9.016604561326567 115.48902367200888 9.016604561326567 115.48902367200888
254 174.98128 13.46723 9.008608904848709 379.3663170368956 9.008608904848709 379.3663170368956
255 175.575 30.2303 10.50156971893484 1895.3472271069286 10.406220813129073 2256.5992857113056
256 175.72472 0.16186 9.128806793514553 190.1994867302357 9.128806793514553 190.1994867302357
257 176.55145 10.59553 9.215184985899384 309.8236915495279 9.215184985899384 309.8236915495279
258 176.86768 18.05367 10.035422621105885 470.3772179091479 9.85937123140638 660.6489420299915
259 177.34203 24.93847 9.7468412636142 882.5032290573203 9.695557802596934 972.3134608673867
260 177.41942 9.71532 10.400778503010676 491.1406543005609 9.999748839250508 937.6698606661522
261 177.65276 11.36442 10.178633456403505 509.8520447160062 9.93888074164159 813.0680026194773
262 177.80246 8.88656 10.36000183231646 815.1026899779354 10.315822814037784 893.8150797307084
263 178.01088 25.75112 9.23057065918085 431.9107516098574 9.23057065918085 431.9107516098574
264 178.15836 24.30763 9.523767280983197 707.7410408111707 9.419342767212882 873.7827902321801
265 178.57404 32.861 9.194011220898703 327.4879764584006 9.194011220898703 327.4879764584006
266 178.89639 25.88945 9.797734251594166 720.7404830420843 9.797734251594166 720.7404830420843
267 179.60596 25.09765 9.630515257656171 150.4895410831626 9.630515257656171 150.4895410831626
268 179.7728 24.98896 9.874994325336974 413.69446279678715 9.835876686962546 450.7191916661713
269 180.59383 29.86177 10.261930971668221 215.2809446219834 10.261930971668221 215.2809446219834
270 180.66463 8.94007 10.72690298483553 1385.3692372781532 10.580691729034884 1739.020825063001
271 181.04057 1.82598 9.65623214013637 577.8113852245558 9.615135054122808 626.6747631185207
272 181.19106 9.42253 10.415312125264728 96.6206688201326 10.234630802269706 140.70141846376487
273 181.22945 19.98198 9.899789851380376 226.40064691228318 9.900140541517024 186.97880173173152
274 182.94839 12.14371 9.833020182970355 727.4376093646623 9.761055588458131 845.0912152762703
275 183.14384 11.07508 9.13114034839381 495.74481339218175 9.13114034839381 495.74481339218175
276 183.48438 13.67646 10.397932535508277 2192.508259472963 10.159611317730429 2660.482620247277
277 183.80516 13.18454 9.682699883413855 390.6088561429439 9.624889629662945 437.4572862118116
278 184.01112 14.18939 10.673538489494126 1149.0653226323277 10.422847852287715 1816.9668075083812
279 184.05154 13.43762 10.562066668714879 1007.6640952971185 10.372956399426004 1220.5023215649614
280 184.23161 8.35914 10.191559423195933 918.427216432147 10.191559423195933 918.427216432147
281 184.32874 8.72575 10.170355936259117 512.7687191344937 10.170355936259117 512.7687191344937
282 184.43379 13.17104 10.559850672797966 1257.6257880168976 10.456338711489451 1543.2710423547976
283 184.46172 8.43028 10.742715231821567 1105.338802387247 10.554173144342313 1575.2043095346621
284 184.56097 10.35395 9.210223135306201 673.2431662718659 9.086231506171652 837.7586850228757
285 184.6254 4.3068 9.161444408464869 243.83323656478288 9.161444408464869 243.83323656478288
286 184.72476 10.00282 10.886455015857239 1180.001820648327 10.58971786267293 2090.9551046548477
287 186.38593 8.0504 10.23574686537974 815.8224969552581 10.162036539383148 940.4404000785104
288 186.41727 20.52847 9.8565849508268 616.8519891679041 9.8565849508268 616.8519891679041
289 186.86507 3.30213 10.921001103869223 1690.8181740252503 10.409202899143537 4073.4368567151287
290 187.77707 4.58826 9.338332422461464 304.08423424449575 9.262821421213308 338.2505553577361
291 188.21457 8.73998 10.03680935222216 594.2076746773445 10.03680935222216 594.2076746773445
292 188.53792 28.13071 10.568721782655658 202.85580098173622 10.363758237982905 207.79716640534784
293 188.68146 9.00469 10.542859832562243 1039.857700315742 10.405668097799827 1353.968791114977
294 189.09468 13.60287 10.074105749316212 816.0777876051933 10.04943481999805 860.9661255383843
295 189.10806 8.94439 10.201494192430088 665.2081003170156 10.145721474568463 744.4471455138935
296 189.29752 8.6583 10.169509604763867 481.9740804974929 10.022482074788593 643.6803823563129
297 189.42152 27.12956 9.214961430738382 177.07184049443578 9.214961430738382 177.07184049443578
298 189.64967 1.40228 9.891947540870358 1019.2390950080339 9.891947540870358 1019.2390950080339
299 190.13528 5.35554 11.066556364404335 1631.4345747019913 10.804689871042655 2089.3743817182267
300 190.30882 26.73613 9.527047543482833 356.2211449857163 9.249179679840728 600.2578122526492
301 190.36674 28.7912 10.282465652886078 564.9799471558287 10.218937788127 651.5398801069375
302 190.78902 3.58119 10.742086206950274 1273.3409972005009 10.497513981679989 1579.6033161680434
303 190.92966 25.47147 10.05452367967406 936.7242436574932 10.05452367967406 936.7242436574932
304 191.03596 25.41616 9.694387187240626 148.8832338938787 9.245559359290597 159.9736459424248
305 191.84657 8.2924 10.280968446250823 530.7355519077163 10.258862297157584 557.6465614621633
306 192.87112 13.78182 10.767931007113456 1708.6821825125064 10.663539586849378 2069.271777271016
307 194.02542 27.67811 9.104138850662341 128.6167346622812 9.104138850662341 128.6167346622812
308 194.47012 10.29852 10.223554745542305 575.040723750226 10.223554745542305 575.040723750226
309 194.61916 11.42648 10.23885083771828 760.2623654800102 10.161141068626195 899.0642605820117
310 194.9585 5.04756 11.189274111232244 2196.4181099166785 10.874269219459942 3218.703406792852
311 195.73705 12.88058 10.465270729894725 959.4171616684727 10.326706457411426 1277.315084892611
312 195.77473 26.53113 9.803299228325582 326.14930108959453 9.696710934450698 404.4229342609698
313 196.01762 8.80573 10.179270694411365 629.5022633998167 10.179270694411365 629.5022633998167
314 196.35602 3.99159 10.442505542553945 329.8674610874929 10.442505542553945 329.8674610874929
315 196.534805 30.20927 9.141937709987006 450.4195458426538 9.141937709987006 450.4195458426538
316 196.60342 9.94328 10.796242797720568 870.9835716462507 10.644774171268411 1215.0254414936273
317 196.65903 28.84847 9.312656615145121 607.8250023063758 9.312656615145121 607.8250023063758
318 196.96169 3.19466 11.141027601589965 1756.1419806015172 11.028421741651318 2240.56773034006
319 197.01073 27.31114 9.116449163675775 304.565729959614 9.116449163675775 304.565729959614
320 197.63412 11.0225 10.621346608910054 949.3571358406267 10.494984968615654 1251.8638109029005
321 197.7355 11.47737 9.643243558911767 601.8407526711106 9.614954845893363 639.2314570236357
322 197.88197 8.7432 9.476763176024159 368.1348398556606 9.476763176024159 368.1348398556606
323 198.39699 29.12653 9.932864687539654 411.774692542797 9.798686279258389 414.3405681609111
324 199.75555 27.89171 10.237516028761604 788.6288441423525 10.158444134588754 885.9953059509753
325 199.89294 10.45487 11.051275915061089 1582.4451246962965 10.464730424960992 4149.347960720705
326 199.90353 3.0326 10.07385767970112 505.1074038320206 9.990379630039358 597.2290572573918
327 199.97649 31.23496 9.448867096966337 404.37637360480477 9.448867096966337 404.37637360480477
328 200.02882 14.54327 9.694067364481848 250.74635034896812 9.694067364481848 250.74635034896812
329 200.21127 31.61684 10.63491462028462 794.7888245306925 10.305753456818127 1541.4328819040636
330 200.21571 31.36653 9.567951324876793 492.2411336217913 9.567951324876793 492.2411336217913
331 200.39549 26.30467 9.84171564296611 206.3127089851309 9.84171564296611 206.3127089851309
332 200.71283 31.82593 9.375794816975628 398.66258038447535 9.375794816975628 398.66258038447535
333 200.74947 27.11643 10.814298304590883 1105.6321500190181 10.689009720951205 1386.3903690502038
334 200.92323 31.64631 9.854130420793274 425.9547458892719 9.75267908337329 486.4183159084073
335 201.08821 35.91375 10.021599486884144 623.7899771872162 9.99291303160404 661.8065746328282
336 201.3449 27.24909 10.194212713098382 937.2473759715359 10.028100267622415 1252.8283837802744
337 203.4092 13.23601 11.221698088895575 4777.094500312624 11.221698088895575 4777.094500312624
338 203.45491 21.2285 10.087835260300944 392.2412481925394 10.087835260300944 392.2412481925394
339 204.62381 30.98687 9.190548525076832 212.78633584464947 9.190548525076832 212.78633584464947
340 205.4267 30.12543 10.979558575070461 1916.1333560716507 10.460200948095057 4041.9962165562133
341 206.6234 3.87831 9.292037515591458 285.0102350229174 9.292037515591458 285.0102350229174
342 206.69661 2.12005 10.567988563606976 551.0574813557713 10.38797134932697 650.163766075212
343 206.755127 33.893597 9.824948733279136 978.6926444247423 9.824948733279136 978.6926444247423
344 207.14246 24.89146 10.044779695396128 707.6394505263179 9.851557157969449 923.6773075498162
345 207.64085 2.23222 10.662803882258965 987.09092755313 10.662803882258965 987.09092755313
346 207.90939 5.55968 9.276838229916766 304.7289331478139 9.276838229916766 304.7289331478139
347 207.96838 3.45502 10.215832221392228 883.4949542835433 10.215832221392228 883.4949542835433
348 208.27263 15.84455 9.949900003055246 335.63358229593507 9.785692267850006 449.7398144367796
349 208.28484 35.71403 10.400037079022166 2096.6669953149544 10.333376587917357 2357.200452069231
350 208.29021 4.96095 9.12279407951665 592.9663048156369 9.12279407951665 592.9663048156369
351 208.54643 24.55626 10.080581506640927 252.27701581178408 9.683704878150435 251.8408370765661
352 208.80244 25.02144 11.074813494513988 2039.388851570088 10.982262868383346 2458.1078331601752
353 208.93007 5.78137 9.168048155152142 399.2551644600296 9.120041008976735 440.47256599055237
354 209.27309 19.54396 9.11124505308453 182.45545532342317 9.11124505308453 182.45545532342317
355 209.41537 25.7747 10.65447935837165 2059.6131389192465 10.65447935837165 2059.6131389192465
356 209.46761 7.41351 9.763272953880222 205.97137138801716 9.763272953880222 205.97137138801716
357 209.48425 7.43358 9.531117632673203 330.4114091086537 9.531117632673203 330.4114091086537
358 209.51959 15.31483 9.865087703301606 628.7776867286884 9.822247339699517 686.3737614675815
359 209.56346 3.99829 10.024995700447274 564.6744028894564 9.89118449879281 734.1112724994575
360 209.64404 6.57407 9.024807210281947 173.61683485106826 9.024807210281947 173.61683485106826
361 209.66092 7.21652 9.851683832821944 571.7937961578343 9.851683832821944 571.7937961578343
362 209.68922 20.66187 9.845295899013093 149.3639503069293 9.845295899013093 149.3639503069293
363 209.85847 12.78848 11.21256898787583 2285.6896502719956 10.974069087546939 3536.0988451311678
364 210.18188 31.89417 9.409792677381292 501.24096656569617 9.409792677381292 501.24096656569617
365 210.50053 10.8306 9.036813668103285 104.23021513466624 9.036813668103285 104.23021513466624
366 210.58566 32.44817 10.134733118826967 459.71601496833716 9.953957154396461 647.6454915330081
367 210.94344 14.8681 8.919543263490908 143.32731869530593 8.919543263490908 143.32731869530593
368 210.95251 15.4023 9.896288116270693 670.1694642578657 9.7744542893737 796.9689378517756
369 211.0536 8.51723 9.165554071411732 92.51493474702022 9.165554071411732 92.51493474702022
370 211.15813 11.64575 9.473466057349375 383.7292763076534 9.473466057349375 383.7292763076534
371 211.2933 11.77137 9.29583273019961 66.84863059680771 9.321017947926764 65.259036216064
372 212.11559 5.65775 10.852307355169081 1281.527782612032 10.723599974047154 1670.8876590472616
373 212.11668 15.92093 9.98019908123756 378.7831765473722 9.928106109662163 424.2958639536552
374 212.12149 7.05791 10.059158994782985 1097.3485809365272 9.96867774965151 1188.78824288156
375 212.13658 3.0243 9.622083422059571 593.0668836300939 9.622083422059571 593.0668836300939
376 212.14761 11.95103 9.385663066903412 412.454305739824 9.385663066903412 412.454305739824
377 212.15392 3.42296 10.854922078145789 1049.4791809193514 10.488462095382054 2218.2906997888117
378 213.12442 11.24055 10.940476894658076 1605.7931063318308 10.776605234142496 2262.219799335192
379 213.42461 12.50419 9.993621432398099 682.7533209447622 9.993621432398099 682.7533209447622
380 213.67052 13.37817 9.372149744288254 122.8824205460419 9.372149744288254 122.8824205460419
381 213.791 4.4779 10.75051910755439 1360.4853300457826 10.677180912301898 1591.3326085201766
382 213.94145 10.43886 10.654826991681478 980.3323590420316 10.582518185514553 1150.1523841109351
383 214.05969 25.54561 9.715270516666116 434.0455968365557 9.715270516666116 434.0455968365557
384 214.20158 3.63006 10.746080873700082 675.9062404776358 10.433961710966415 1232.0167908234291
385 214.32819 12.58553 9.17894468585376 240.3825665079761 9.17894468585376 240.3825665079761
386 214.39116 25.11447 9.5164479321598 351.4234318382226 9.5164479321598 351.4234318382226
387 214.63818 7.28678 10.262952612916076 1143.2694140156611 10.210964051460483 1210.3893523111374
388 214.65712 2.04595 10.492671998817722 596.5550837743511 10.492671998817722 596.5550837743511
389 215.12704 10.43209 10.669295112558295 2056.6213649447486 10.610839908370492 2335.9476934563845
390 215.20436 25.95881 9.779393044531103 532.500396616128 9.779393044531103 532.500396616128
391 215.47008 24.10739 9.459181289955703 221.52372474115435 9.459181289955703 221.52372474115435
392 216.23587 25.02478 9.805507350469119 612.2431617266288 9.694400718165891 762.0456465582298
393 216.5724 15.68604 9.241556709236727 429.54836457319203 9.179876155715068 481.6345434394375
394 216.58249 25.40083 9.56021188979817 28.411283690484566 9.56021188979817 28.411283690484566
395 216.58923 10.16334 8.983094340981994 98.39535060555775 8.946100685266181 102.26407550837351
396 216.63377 2.75167 10.683553691060949 1066.7988592805818 10.576075747778848 1336.233767306773
397 216.85815 25.51447 10.22843479410529 659.3060647052321 10.172406970441408 740.3926778442927
398 216.870575 29.95195 9.395245343910766 473.71705401966875 9.395245343910766 473.71705401966875
399 217.03577 26.68274 9.246341366428204 319.4068403542954 9.246341366428204 319.4068403542954
400 217.04181 26.93579 9.208721611478719 414.52832911034164 9.208721611478719 414.52832911034164
401 217.12852 27.26592 9.068879435534587 225.45856270107254 9.068879435534587 225.45856270107254
402 217.13878 3.262 11.065354099312918 2292.9007343922895 10.973327855644458 2772.136986636357
403 217.14903 25.70888 10.162690796076069 544.4512224830563 10.162690796076069 544.4512224830563
404 217.19443 27.25067 9.687634936842048 249.69792615409355 9.63079710226844 282.25684396291655
405 217.22009 27.8344 8.790839231411535 130.548894772375 8.374210538820718 222.4597810391046
406 217.23753 25.55342 9.709108814749651 536.6717879286988 9.525532760627073 720.917381193459
407 217.58313 3.09141 10.464976754494376 563.157764130267 10.329925595008522 751.5516097583102
408 218.30978 2.65267 10.73775779258482 1154.4140168780289 10.623206764729938 1452.8628465673441
409 218.39867 2.63871 10.581920758209712 961.541650328457 10.452568666167544 1248.6697449299932
410 218.45142 3.95687 10.771342029201275 1245.4822019816802 10.666885848723096 1544.52464417494
411 218.54567 10.21216 11.143728898548362 1188.7634617665174 10.723371407650394 2394.127758118029
412 218.6945 3.34158 10.769144543712287 890.9498801741321 10.549140715262796 1317.5312924272278
413 219.28975 25.25086 11.296227448432811 2167.3693269816863 11.133905208637493 2897.0051909722515
414 219.4567 6.74844 10.000479351989483 588.4193986858198 9.9023943793853 692.0365515567131
415 220.55737 8.67668 10.821011214250769 254.69178744894344 10.603243997432482 398.1239433321985
416 220.91235 8.5641 10.508703251501789 221.63129125740392 10.216297815741818 373.42105281631837
417 221.06145 4.21854 10.81805789920792 1763.4363819660273 10.549766323061727 2861.1079018430673
418 221.46483 10.15289 9.949459620460827 641.0165172728492 9.949459620460827 641.0165172728492
419 221.8941 9.23103 10.124022081734777 1023.2694209212417 10.124022081734777 1023.2694209212417
420 221.99747 9.42624 10.271332665119065 1088.6548802949362 10.250691261375973 1137.971567208197
421 222.24738 9.50477 10.970061139122738 1252.8698869755435 10.811306908937922 1729.6199302149755
422 222.29625 11.115231 10.953599044395759 2797.9714512188425 10.892322044420622 3191.3003612359807
423 222.3722 9.07921 10.437470126667627 990.2699877604391 10.323916513982825 1266.0951856981183
424 222.53346 9.07941 10.062551815544127 743.2850344582183 10.062551815544127 743.2850344582183
425 222.54149 9.21153 9.96918192132754 368.9714517311332 9.877930868850685 441.5566980611839
426 222.60046 4.61536 10.872056170530996 393.10947727903283 10.590360046799338 593.9271254994089
427 222.61993 9.79723 10.876245392115287 485.0084134543127 10.681516669283683 671.7228225662478
428 222.84875 9.59245 10.949083113932813 1349.1589448797758 10.752813011897723 1915.2941048817338
429 222.97246 3.36327 10.527303798359279 1277.5653876974782 10.452069132716291 1476.4347671614255
430 223.26817 31.06834 10.39678107267235 265.5320579019991 10.01215696601337 580.0992750782505
431 223.51558 30.84625 10.09346948820826 270.0923850590903 9.95835692807808 357.6694310338512
432 224.492 11.00763 11.02188149618238 1833.7691371203302 10.841764792874477 2642.442649002476
433 225.23618 11.5174 10.889755212412918 1702.4610478605516 10.83803398396874 1889.383253819579
434 225.51709 6.82303 10.49283049261126 798.5877935412971 10.273094222377411 874.8254867905591
435 227.35878 10.28844 10.153314035539204 442.0140078779468 9.787509702063957 696.5975930950012
436 227.91817 3.67617 10.598625553499193 980.6538539903975 10.532060572078496 1120.5873317486064
437 228.00739 6.21926 10.218063290617774 914.2651767192118 10.076548638058426 1156.6155529476027
438 228.08595 9.34993 10.176182177259356 1095.0328817552668 10.137619128648533 1185.580864578816
439 228.18166 1.46451 10.782616662603555 735.7500266473653 10.495805756290933 1280.5670754028286
440 228.78146 7.02125 10.849820470065369 1263.1164899189293 10.655980984964335 1780.238259120871
441 229.01863 6.84763 10.666373065714831 816.6712429019746 10.591371036685908 942.1589736465789
442 229.07976 7.16234 10.753802511583674 1763.2586158939694 10.662982039900989 2127.342535140185
443 229.12564 6.23574 10.600102390414184 850.8388955236775 10.318328888589026 1166.8918843071012
444 229.49467 10.89569 10.825907352098286 991.5919588156661 10.32078203556394 1860.4824017124213
445 229.7236 7.57592 10.520346922863743 626.0904400075453 10.371177203999137 854.6708060131158
446 229.8861 9.96002 10.911723586596016 1498.2049956158426 10.536956851671507 2634.267283290139
447 231.94762 9.62491 10.415826153110011 724.6984368663806 10.108844479227283 1300.1770626915443
448 235.04369 6.07439 10.181895400146697 835.0169864039011 9.826752498611697 1003.083282391738
449 235.34412 28.22975 10.471305731455912 730.7082071456514 10.33843055200348 963.3929890568004
450 235.69118 24.98609 11.230977501771765 1921.6296350557573 10.985890101534068 3125.699267432672
451 237.26115 17.94044 10.36271027058917 643.8660432702619 10.23469063053301 843.3037137237327
452 237.85509 25.76084 11.052792200888693 2350.3431326493887 11.000802667097352 2629.180737530362
453 238.7781 9.50642 10.097693748091714 380.2685457206893 10.097693748091714 380.2685457206893
454 239.7355 2.443038 10.972233890657241 1933.2150159742991 10.818028385375346 2438.803291119682
455 331.41165 12.4226 10.310804707999841 556.0318642213138 10.310804707999841 556.0318642213138
456 332.7987 11.80073 10.255230686984262 392.85618218352374 10.159964867600985 479.1793405298271
457 335.19724 14.23464 9.189030701870914 425.51985798231686 9.189030701870914 425.51985798231686
458 337.90665 13.062 10.457020196902485 943.2035022111032 10.457020196902485 943.2035022111032
459 338.53265 12.5711 10.737611659139446 1262.8157876318041 10.284774042060949 2097.92625175182
460 339.54413 14.44059 9.953782727237504 596.9169140355481 9.953782727237504 596.9169140355481
461 339.84109 13.88229 9.163662125644109 376.21743394499725 9.163662125644109 376.21743394499725
462 340.2944 13.3399 9.415272116971206 483.068506235581 9.415272116971206 483.068506235581
463 342.6085 14.91955 10.404422258242231 100.09035278573491 10.311801104385923 122.03667212591112
464 343.26868 1.14443 9.524016108960573 81.23411823703992 9.524016108960573 81.23411823703992
465 343.85175 13.24828 10.390241405220324 531.5720126062064 10.137943459831567 658.2643481781491
466 344.36124 13.00165 10.412757369606501 715.5204232622523 10.365702490296739 793.0845063131692
467 345.29617 13.15904 10.680213082019312 874.6539639570739 10.579232188634627 1081.1009855601908
468 345.78317 13.89095 10.028760743905153 689.2503458098131 9.964762049180155 792.4619695526989
469 346.5685 13.98231 10.719250482644423 918.6300137776348 10.664435863142984 1039.2686398743072
470 346.89874 15.46504 10.330975484635685 1020.1077012554969 10.330975484635685 1020.1077012554969
471 347.91202 15.12825 10.705103106450148 652.3445675143018 9.777857304330796 2095.783140186091
472 348.37665 14.06391 10.241515486560619 884.0896716684449 10.042339419499703 1158.219963961572
473 348.8201 13.53379 10.189325308418512 422.9934148863512 9.929293650598392 517.6886258808893
474 349.0669 13.84527 10.324250814877395 368.5032200290553 10.062700710989464 603.8623448607377
475 349.40164 14.0012 10.020780621394351 598.3094067009484 10.020780621394351 598.3094067009484
476 349.48483 13.89781 10.913935156220685 1365.2359913644045 10.715575841706638 2002.302808779898
477 349.6509 15.29966 10.073094511567644 579.7860078327714 10.073094511567644 579.7860078327714
478 350.56406 14.08073 10.533301332031176 630.035091059357 10.318577150715067 978.6019236714005
479 350.83884 14.28457 10.950595908169781 2049.4277863945194 10.856608899189052 2481.295476572961
480 350.89728 15.19691 10.339609630201533 693.9322153589709 10.166628093358163 954.0640928815229
481 351.02988 14.83517 10.441629005699161 914.0208139234658 10.387419688873862 1027.5111563035157
482 351.45114 14.0548 10.212776935192789 457.6553061539969 9.859986688578894 776.5154591878783
483 351.5471 14.03003 10.616902691440515 644.7979096696951 10.463644096906798 879.248762756806
484 351.79645 14.76289 10.473489693704328 1124.4028440023937 10.309084538665774 1023.2065032493058
485 351.95715 15.11922 11.082048239115533 1968.7925326841394 11.011233487886136 2279.121192742669
486 352.39203 13.45509 10.353529504004756 742.0219600215489 10.19261995839399 973.8871370693225
487 352.54834 13.44898 10.398736265833463 756.9294149414484 10.302392089500204 926.4254730085596
488 352.80594 15.23415 10.089138863775919 393.8777782975201 10.089138863775919 393.8777782975201
489 353.10175 15.84787 10.26456336265939 1220.0017746694266 10.206077708015789 1373.5865848453668
490 354.15472 14.15728 9.391505716369634 516.3390366185204 9.391424507575774 516.4854146984486
491 356.71609 14.4807 9.429160939669034 382.06196963581544 9.429160939669034 382.06196963581544
492 359.4482 15.61368 10.238490071544387 1076.922588057835 10.14883882304505 1218.0698870650713
493 29.48267 13.35816 10.95692511963239 601.736476675598 10.736457271258734 693.7179426989806
494 31.93529 14.0816 10.118410742731156 584.9242156741094 9.883868226982452 597.4636082036259
495 132.68866 11.81083 10.509902039225153 459.31565582648784 10.254055543034278 506.6545234696665
496 137.34865 22.51394 9.932268116648242 300.02791915615586 9.932268116648242 300.02791915615586
497 147.71494 8.22798 10.09998413205898 545.3220518265816 10.09998413205898 545.3220518265816
498 161.76176 14.26335 10.691732523404356 774.9396190875533 10.16597174842259 610.0998524226636
499 168.5424 27.23893 10.19682440678302 484.6989282543388 10.19682440678302 484.6989282543388
500 170.38234 13.42661 10.811193074817458 1482.2270592662533 10.811193074817458 1482.2270592662533
501 174.18964 13.33611 10.444819270801325 959.4310583655014 10.139016677747277 1014.5736958116622
502 175.04869 17.31234 9.98154571550263 407.6160550296548 9.98154571550263 407.6160550296548
503 189.2247 27.74911 10.319594259904322 672.9601101325954 10.269897774427713 735.6625099296425
504 204.05077 4.74009 10.795397123779692 409.7347978228778 9.920809716411767 285.43414875175176
505 206.01695 25.6635 11.044063096367651 2076.632990432944 10.889899490560017 2401.7511643249723
506 210.80029 11.71989 9.446986363085934 150.49461171116428 9.446986363085934 150.49461171116428
507 210.82076 4.36317 10.523187182188073 662.2920691968492 10.523187182188073 662.2920691968492
508 212.83064 11.51809 10.250421239607903 586.7833555204751 9.815310054119154 624.0519183491182
509 217.00978 12.02637 10.137189456950201 788.7746993774259 10.137189456950201 788.7746993774259
510 217.89417 24.68156 10.629071237211846 1320.1909539744113 10.629071237211846 1320.1909539744113
511 218.89896 3.68924 10.6265819462886 688.410786598263 10.6265819462886 688.410786598263
512 227.33958 7.07773 10.06933898883849 638.2675313104717 10.06933898883849 638.2675313104717
513 333.05203 12.20519 10.024542103659245 573.2697365473126 10.024542103659245 573.2697365473126
514 348.34067 14.28022 10.536858713999187 517.0231712145293 10.536858713999187 517.0231712145293
515 28.96662 14.94026 10.711699461813934 906.4762563854731 10.711699461813934 906.4762563854731
516 179.69624 15.71628 10.17536285175225 578.4837886930034 10.17536285175225 578.4837886930034
517 348.31863 14.90436 9.91833822173898 285.0225356035302 9.91833822173898 285.0225356035302
518 1.62208 14.18237 9.811640502800183 500.64303679635776 9.756647446718585 541.498845762459
519 10.09787 14.61375 10.033736973737003 1417.1725802792307 10.010334726720867 1493.9266402366475
520 27.22137 13.42395 9.430094616165531 160.51890316755578 9.334991706657505 191.04290317248757
521 28.82349 12.99322 10.214969612349343 601.8821960018682 10.214969612349343 601.8821960018682
522 121.77666 7.8829 9.001075511853646 50.12911938711025 8.855932734042097 66.06146376239121
523 133.6068 8.21139 10.494652153690014 256.7801148656202 10.314951944843012 374.50820502725725
524 134.01659 13.42203 9.248768004281308 155.72203233766345 9.248768004281308 155.72203233766345
525 137.34393 15.61366 9.756923992963076 227.16492515296926 9.628497922094017 283.0623555459406
526 139.24162 6.71509 9.490380585826832 113.25679108689721 9.407286414733655 130.72171015674078
527 140.31439 3.15109 9.378259426927128 384.70953976217174 9.378259426927128 384.70953976217174
528 147.35785 14.65742 10.025776516291547 996.0716210403166 10.025776516291547 996.0716210403166
529 148.66438 9.44464 10.38482317046124 663.3283703218403 10.266096365861772 744.9708430570678
530 148.69238 13.37475 9.276424297190612 476.35191098471495 9.18688834610369 563.2093714334064
531 149.2515 15.55566 9.228932808808542 129.1354966186654 9.228932808808542 129.1354966186654
532 149.65096 13.25528 9.453398432660263 382.2819474849622 9.453398432660263 382.2819474849622
533 150.56787 19.21566 9.969677464812241 296.09184018816944 9.87981328871939 352.277807830417
534 160.43985 13.89803 10.406870149947343 719.9184806247584 9.98602759574375 999.3902237019339
535 164.0099 11.87218 11.075417803127934 1671.3384236641075 10.908993122880652 2285.991456062403
536 169.41214 26.58502 10.339264986454918 304.7531334587343 10.008048866237662 568.2419265984494
537 181.2976 10.56142 10.11016360505323 272.10093490061263 9.756463533211774 360.9548217341323
538 194.11224 9.60125 10.924719852232087 745.230007750207 10.823893362576374 902.2041892788895
539 207.7048 17.28209 9.165933275912328 315.6025413231177 9.165933275912328 315.6025413231177
540 211.42599 12.24193 9.302742654592045 189.26533441093693 9.177596049986839 235.26939486890785
541 214.6282 29.17009 11.090956588743683 1344.2428499087812 10.892706649988941 1990.16745031953
542 214.67665 24.92218 9.094104551420894 61.08954114488898 9.146510266936964 56.04975881070109
543 215.32782 12.50596 9.46419850811815 274.54821390938633 9.393773498204592 319.7687275006131
544 215.5405 4.52114 10.393920122448318 693.7857657623207 9.909223069145455 1063.6087398138009
545 216.92735 13.90689 9.399920984905993 292.98616785115166 9.38531261666276 302.3906616669953
546 217.50781 3.39781 10.219452530009162 179.61390360482895 9.804342271104753 390.60224474710566
547 221.85484 3.44109 10.523298277766425 613.2176576496565 10.331238612871577 900.240189151477
548 222.6225 8.99381 10.207116424580462 508.61960328962033 9.912549024483345 904.4723650450245
549 224.52663 4.10101 11.148468675086095 1476.437265743148 10.484634363856697 2951.241648942522
550 226.83965 9.92807 11.10206381129602 1302.064805417257 10.9079394481219 1925.8690380843334
551 339.20773 14.38694 10.164624252306007 742.2135404689888 9.994520445625927 1051.5434473308208
552 348.4188 13.22551 10.391033688080544 599.9169334396171 10.391033688080544 599.9169334396171
553 351.97156 14.71099 10.995649663976302 1566.462994905722 10.527084902225482 3343.1606847200333
554 5.81194 14.80954 9.274505208668534 216.95661250132426 9.274505208668534 216.95661250132426
555 124.23986 20.51227 9.598784744344664 362.0008570460759 9.568730926921981 385.5224500396076
556 161.26688 10.18544 10.581973354332753 961.5918830161803 10.279781013824648 1725.9789969434987
557 164.19215 5.66111 10.655644557025953 749.7405251388298 10.51326932618992 997.1479257644475
558 167.68839 12.01614 9.756018850220173 621.9831658875173 9.756018850220173 621.9831658875173
559 188.54295 15.96822 10.957580490390269 2194.4809850261986 10.803838573224203 3066.5066585783716
560 211.21948 21.63351 10.064164103976651 516.9047106236089 9.987860083384467 599.2320660273205
561 221.93129 9.53817 10.841648893311884 768.5786433337926 10.841648893311884 768.5786433337926
562 239.8693 20.21755 10.48799251619308 677.8018309157275 10.329395771327652 968.4211976053837
563 351.79251 15.01723 9.467649615168517 1132.5274777257707 9.420925894644181 1250.914012213272
