#   Mstar      err     Mgas       err    Mbar       err     jstar      err      jgas     err    jbar      err    Rd    rstar   rgas   rbar  
   9.0e+06  2.3e+06   5.3e+07  9.4e+06   6.2e+07  9.6e+06      7.9     10.2     10.1      3.5      9.8     3.30   0.68   0.79   0.81   0.80  
   7.9e+07  5.1e+07   2.4e+08  1.5e+08   3.2e+08  1.6e+08     41.3     21.6     71.3     25.1     63.9    19.70   0.69   0.96   0.99   0.99  
   6.0e+07  8.9e+07   2.1e+07  3.1e+07   8.1e+07  9.4e+07     47.9     47.8     63.6     50.6     52.0    37.70   0.58   0.93   0.93   0.93  
   3.3e+07  9.6e+06   1.4e+08  3.1e+07   1.8e+08  3.3e+07     39.5     19.8     62.5      8.3     58.2     7.80   0.82   0.98   0.85   0.88  
   4.2e+07  2.9e+07   1.2e+08  7.7e+07   1.6e+08  8.2e+07     48.7     23.7     64.8     26.0     60.5    20.10   0.80   0.90   0.92   0.92  
   1.5e+07  3.5e+06   2.6e+08  4.1e+07   2.8e+08  4.1e+07     31.8     16.1    154.0      8.5    147.6     8.30   0.54   0.99   0.81   0.82  
   8.4e+07  2.2e+07   2.7e+08  5.2e+07   3.6e+08  5.7e+07     64.3     14.0    108.5     12.8     98.0    10.60   1.03   0.99   0.87   0.89  
   1.6e+07  4.3e+06   4.5e+07  6.9e+06   6.1e+07  8.1e+06      0 0              21.4      2.0       0      0      0.50   0       0.74  0       
   1.4e+07  4.0e+06   3.7e+07  6.4e+06   5.2e+07  7.6e+06      7.2      9.0      9.2      1.5      8.7     2.70   0.82   0.23   0.21   0.21  
   3.6e+07  9.7e+06   5.4e+07  8.2e+06   9.0e+07  1.3e+07     17.4      4.9     24.3      3.3     21.5     4.80   0.40   0.03   0.84   0.15  
   5.0e+05  1.3e+05   1.7e+06  3.0e+05   2.2e+06  3.2e+05      0 0     0         1.2      1.3       0     0      0.22     0     0.87     0    
   7.7e+06  2.0e+06   4.6e+06  8.1e+05   1.2e+07  2.2e+06      0 0     0         6.7      2.1        0     0     0.52      0    0.75      0   
   1.8e+08  4.8e+07   7.2e+08  1.3e+08   9.0e+08  1.4e+08     58.0     26.2    142.4     27.7    125.5    23.10   0.90   1.00   0.97   0.97  
   8.8e+07  2.3e+07   2.4e+08  4.3e+07   3.3e+08  4.8e+07     66.3     12.8    153.0     16.6    130.0    13.50   0.94   0.99   0.70   0.75  
   9.3e+06  2.5e+06   3.9e+07  7.6e+06   4.9e+07  8.0e+06      8.8     10.8      9.7      3.2      9.6     3.30   0.89   0.07   0.11   0.10  
   4.1e+07  2.6e+07   2.0e+08  1.2e+08   2.4e+08  1.3e+08     83.0     34.5    141.3     53.5    131.6    45.00   1.13   0.25   0.79   0.77  
   7.4e+08  2.0e+08   1.8e+09  3.0e+08   2.5e+09  3.6e+08    198.6    104.5    345.2     41.6    303.6    43.40   2.78   0.89   0.79   0.77  
   4.2e+07  2.7e+07   1.1e+08  7.0e+07   1.6e+08  7.5e+07     40.9     29.7     45.2     16.9     44.1    14.70   1.34   0.77   0.97   0.94  
   1.4e+08  6.0e+07   5.1e+08  1.3e+08   6.5e+08  1.4e+08     55.7     25.3    146.3     26.1    126.4    22.00   1.33   1.00   0.98   0.99  
   1.1e+09  4.0e+08   1.2e+09  1.9e+08   2.4e+09  4.5e+08    161.5     18.1    300.1     12.6    234.6    17.30   2.37   1.00   0.91   0.95  
   3.4e+08  1.2e+08   5.2e+08  8.0e+07   8.6e+08  1.5e+08     96.3     17.1    159.9      8.1    134.9    10.20   2.66   0.99   0.10   0.21  
   5.0e+07  2.0e+07   2.5e+08  5.8e+07   3.0e+08  6.2e+07     46.6     12.0    110.3     12.8     99.5    11.30   1.16   1.00   0.90   0.92  
   9.6e+07  3.8e+07   1.2e+08  2.5e+07   2.1e+08  4.5e+07     43.0      8.7    107.3     10.3     78.1     9.30   0.81   1.00   0.21   0.69  
   8.4e+07  3.1e+07   1.4e+08  2.2e+07   2.3e+08  3.8e+07     19.8     13.3     75.4      7.2     54.8     8.40   0.96   0.99   0.05   0.06  
   4.0e+07  1.6e+07   9.4e+08  2.0e+08   9.8e+08  2.0e+08     27.8     38.0    269.1     26.7    259.3    25.90   0.52   0.99   0.96   0.96  
   7.6e+07  2.9e+07   4.9e+07  1.0e+07   1.2e+08  3.1e+07     17.8      3.6    109.8     10.7     54.2     9.80   0.20   0.99   0.74   0.83  
   1.7e+07  7.5e+06   9.5e+07  2.6e+07   1.1e+08  2.7e+07     18.7     10.4     45.7      6.8     41.5     6.10   1.00   0.99   0.29   0.45  
   1.5e+08  6.1e+07   3.3e+08  7.2e+07   4.8e+08  9.4e+07     20.4     10.7    160.7     18.0    116.1    17.40   0.79   0.99   0.08   0.09  
   4.7e+08  1.8e+08   4.0e+08  8.5e+07   8.7e+08  2.0e+08     91.4     13.2    223.1     22.1    152.5    17.90   0.87   1.00   0.98   0.98  
   2.5e+08  9.9e+07   5.4e+08  1.1e+08   7.9e+08  1.5e+08     64.3      8.2    197.9     19.1    155.1    17.50   0.56   0.99   0.34   0.64  
   1.6e+08  6.4e+07   1.2e+08  2.7e+07   2.8e+08  7.0e+07     31.0      4.4     72.1      8.0     48.7     5.80   0.34   1.00   0.76   0.89  
   1.4e+08  6.1e+07   3.0e+08  8.0e+07   4.4e+08  1.0e+08     52.9     16.1    107.7     15.5     89.9    12.60   1.19   1.00   0.97   0.98  
   2.3e+09  6.2e+08   2.0e+09  3.1e+08   4.2e+09  6.9e+08    262.3     61.1    429.3     20.2    340.4    36.10   6.11   1.01   1.00   1.00  
   5.1e+10  1.4e+10   6.6e+09  1.0e+09   5.8e+10  1.4e+10    379.6     71.1   3923.0     98.1    826.0   117.50   2.69   0.70   0.98   0.72  
   3.5e+09  9.6e+08   2.6e+09  4.2e+08   6.2e+09  1.0e+09    489.9     61.6    747.0     23.9    599.6    40.80   3.74   0.98   0.92   0.96  
   5.4e+10  1.5e+10   1.5e+09  2.6e+08   5.5e+10  1.5e+10    976.0     55.3   1480.0     54.5    990.0    53.90   2.12   0.99   0.99   0.99  
   2.2e+09  5.9e+08   1.9e+09  3.0e+08   4.1e+09  6.6e+08    208.9     37.3    667.7     64.1    429.7    47.30   1.75   0.98   0.89   0.93  
   6.4e+10  1.7e+10   5.0e+09  9.0e+08   7.0e+10  1.7e+10    867.6     63.6   2412.0    131.9    978.5    66.60   2.55   1.00   0.99   1.00  
   8.9e+09  2.4e+09   2.8e+09  4.6e+08   1.2e+10  2.5e+09    530.8     73.6    963.0     62.3    634.5    62.10   2.73   0.91   0.74   0.87  
   3.3e+09  2.2e+09   4.7e+09  2.9e+09   8.0e+09  3.6e+09    296.4    108.1   1756.0    547.8   1148.0   338.00   1.61   0.99   0.39   0.11  
   8.6e+10  2.4e+10   1.6e+10  2.9e+09   1.0e+11  2.4e+10   2347.0    666.9   4786.0    729.4   2752.0   579.50   5.81   1.00   1.00   1.00  
   6.5e+08  1.7e+08   1.5e+08  2.7e+07   8.0e+08  1.7e+08     17.1      9.1     36.7     16.2     20.8     8.10   0.45   0.58   0.98   0.81  
   1.3e+08  3.7e+07   7.2e+08  1.6e+08   8.5e+08  1.6e+08    111.8     35.9    164.3     21.1    156.2    18.80   1.54   0.84   0.86   0.86  
   5.0e+09  1.3e+09   4.2e+09  7.7e+08   9.3e+09  1.5e+09    288.2     24.1   1130.0     71.1    673.9    68.80   1.39   0.99   1.00   1.00  
   3.0e+09  8.3e+08   6.7e+08  1.1e+08   3.7e+09  8.4e+08    272.3     34.7    731.2     42.6    374.5    34.50   1.37   1.00   0.90   0.95  
   9.5e+10  2.6e+10   1.8e+10  2.9e+09   1.1e+11  2.6e+10   3092.0    127.7   6959.0    241.9   3693.0   183.60   3.64   1.01   0.76   0.98  
   4.0e+10  2.6e+10   3.5e+09  2.2e+09   4.3e+10  2.6e+10    630.4    260.0   2178.0    628.5    756.0   246.50   2.33   0.99   0.99   1.01  
   3.1e+08  8.1e+07   2.7e+08  4.9e+07   5.8e+08  9.5e+07     44.9     14.1    450.7     55.1    233.3    39.10   0.55   0.98   0.21   0.18  
   1.2e+09  3.3e+08   1.9e+08  3.1e+07   1.4e+09  3.3e+08     81.7      8.7    102.7      7.1     84.6     7.60   1.01   0.85   0.73   0.83  
   7.9e+10  3.0e+10   2.1e+10  6.9e+09   9.9e+10  3.1e+10   1783.0    415.8   4814.0    758.8   2410.0   391.50   6.20   1.00   0.94   0.99  
   4.1e+10  1.1e+10   2.8e+09  4.5e+08   4.3e+10  1.1e+10   1429.0     10.8   2271.0    130.8   1522.0    18.90   0.29   1.00   0.95   1.00  
   9.8e+07  2.6e+07   5.3e+08  8.3e+07   6.3e+08  8.7e+07    130.7      5.0    207.0      8.9    195.2     8.10   1.56   0.90   0.75   0.77  
   1.9e+10  5.3e+09   1.2e+10  2.1e+09   3.1e+10  5.7e+09    911.2     58.9   3024.0    133.3   1748.0   156.70   3.14   0.99   1.00   1.00  
   4.5e+09  1.2e+09   8.8e+08  1.5e+08   5.4e+09  1.3e+09    511.9     72.6    922.5     63.6    580.3    63.70   2.80   1.00   0.96   1.00  
   2.3e+10  6.3e+09   4.5e+09  7.1e+08   2.8e+10  6.4e+09    947.6     87.2   1847.0    153.0   1092.0    84.50   2.29   1.00   0.86   1.00  
   1.7e+10  4.5e+09   3.2e+09  5.2e+08   2.0e+10  4.6e+09    673.9     57.9   1430.0     93.3    805.3    58.30   1.95   0.99   0.97   1.01  
   4.1e+10  2.7e+10   5.7e+09  3.5e+09   4.6e+10  2.7e+10    722.5    316.6   1948.0    612.3    873.9   290.10   2.40   1.00   0.98   1.00  
   1.5e+10  4.0e+09   1.0e+10  1.6e+09   2.5e+10  4.3e+09    409.3     45.4   1898.0    122.9   1024.0   116.50   1.61   0.99   0.60   0.52  
   4.0e+10  1.1e+10   2.4e+09  3.9e+08   4.3e+10  1.1e+10    868.8     90.4   1064.0     64.5    879.8    85.40   2.71   0.96   0.94   0.96  
   3.6e+10  1.3e+10   9.4e+09  3.0e+09   4.5e+10  1.4e+10   1190.0    170.5   2131.0    335.6   1386.0   158.20   3.40   1.00   0.98   1.00  
   1.3e+07  3.4e+06   1.4e+08  2.5e+07   1.5e+08  2.5e+07    0          0       91.9      8.8    0           0    0.20    0     0.99    0     
   8.3e+09  3.0e+09   6.7e+09  2.1e+09   1.5e+10  3.7e+09    507.3    126.6   1743.0    261.8   1057.0   161.20   3.38   1.00   0.84   0.91  
   3.3e+10  1.2e+10   1.6e+09  5.0e+08   3.5e+10  1.2e+10    891.8    124.3   1084.0    159.7    900.5   118.90   2.53   0.97   0.91   0.96  
   2.8e+10  1.0e+10   6.6e+09  2.1e+09   3.5e+10  1.0e+10    890.6    125.2   1756.0    245.4   1055.0   117.80   2.38   1.00   0.68   0.99  
   1.1e+10  4.0e+09   2.2e+09  7.0e+08   1.3e+10  4.0e+09    706.9    103.3   1128.0    165.2    778.5    91.80   2.63   1.00   0.92   1.00  
   1.5e+10  5.4e+09   2.5e+09  7.9e+08   1.7e+10  5.5e+09    484.4    185.6    739.0    113.0    520.9   160.00   3.59   0.94   0.53   0.89  
   6.0e+10  2.2e+10   3.0e+09  9.4e+08   6.3e+10  2.2e+10   1674.0    309.4   2370.0    329.1   1707.0   295.30   4.89   0.98   0.92   0.98  
   6.6e+09  2.4e+09   1.3e+09  4.0e+08   7.9e+09  2.5e+09    453.3     84.2    643.1    100.5    483.6    72.90   2.18   0.95   0.85   0.93  
   9.5e+10  2.9e+10   2.5e+10  6.2e+09   1.2e+11  3.0e+10   4097.0    247.8   6072.0    556.6   4513.0   246.20   4.96   1.00   0.98   1.00  
   7.8e+09  2.9e+09   2.3e+09  7.2e+08   1.0e+10  3.0e+09    462.7    104.2    718.1    111.8    520.1    85.50   2.81   0.95   0.94   0.94  
   3.2e+10  1.2e+10   4.2e+09  1.3e+09   3.6e+10  1.2e+10   1401.0    175.3   2527.0    316.9   1533.0   162.50   3.53   0.99   0.96   1.01  
   3.1e+10  1.2e+10   2.8e+09  8.8e+08   3.4e+10  1.2e+10    922.0    228.8   1232.0    192.8    947.4   210.80   4.65   0.96   0.89   0.95  
   1.0e+10  3.8e+09   8.6e+08  2.7e+08   1.1e+10  3.8e+09    319.6     64.1    498.4     73.7    333.4    59.60   1.65   0.99   0.69   0.98  
   5.3e+10  1.9e+10   9.5e+09  3.0e+09   6.2e+10  1.9e+10    945.4    130.5   1873.0    270.1   1088.0   122.80   2.58   1.00   0.90   1.00  
   2.7e+10  1.0e+10   4.1e+09  1.3e+09   3.1e+10  1.0e+10   1089.0     99.3   2103.0    260.1   1221.0    98.30   2.15   1.00   1.00   1.00  
   1.4e+10  5.3e+09   1.7e+09  5.4e+08   1.6e+10  5.3e+09    765.8     78.5   1600.0    242.1    854.3    78.00   1.51   0.99   0.52   1.00  
   5.1e+10  1.9e+10   1.0e+10  3.3e+09   6.2e+10  1.9e+10   1026.0    126.9   2483.0    355.9   1275.0   134.80   2.32   0.99   0.99   1.00  
   5.4e+09  2.0e+09   4.6e+09  1.4e+09   9.9e+09  2.4e+09    588.0     93.6   1053.0    159.3    800.7    94.70   2.79   1.00   0.93   0.96  
   5.0e+07  1.4e+07   4.4e+07  7.5e+06   9.4e+07  1.6e+07     12.9      3.7     21.2      2.7     16.8     2.40   0.28   0.98   0.95   0.97  
   5.6e+10  2.1e+10   3.0e+09  9.3e+08   5.9e+10  2.1e+10    363.4    154.9   1630.0    231.7    426.7   148.60   2.94   1.00   0.22   1.00  
   2.1e+09  5.8e+08   6.6e+08  1.1e+08   2.7e+09  5.9e+08    706.3    133.8    881.7     44.4    748.6   102.50   5.98   0.79   0.51   0.74  
   4.5e+10  1.2e+10   6.0e+09  9.3e+08   5.1e+10  1.2e+10   1621.0    150.0   3335.0     93.1   1820.0   142.00   5.96   0.96   0.99   0.98  
   9.4e+09  3.4e+09   4.3e+08  1.4e+08   9.8e+09  3.5e+09    197.3    100.4    288.3     57.8    201.3    96.10   2.79   0.89   0.18   0.87  
   6.9e+10  1.9e+10   1.3e+09  2.2e+08   7.0e+10  1.9e+10    873.2     71.8   2610.0    167.0    866.0    71.20   1.88   1.01   0.16   1.01  
   4.2e+10  1.2e+10   4.8e+09  8.4e+08   4.6e+10  1.2e+10   1431.0    172.4   2168.0    240.4   1506.0   157.90   3.49   0.98   0.95   0.98  
   2.1e+10  5.9e+09   4.1e+09  7.0e+08   2.5e+10  5.9e+09    984.9     79.0   1586.0     79.7   1082.0    71.30   2.89   0.98   0.92   0.97  
   2.2e+09  6.3e+08   5.6e+07  9.8e+06   2.3e+09  6.3e+08    112.6     20.1    135.7      9.5    113.2    19.60   0.84   0.84   0.41   0.84  
   1.7e+10  4.5e+09   1.7e+09  2.8e+08   1.8e+10  4.5e+09    830.3     47.7   1394.0     70.2    882.7    45.80   1.68   0.99   0.90   0.97  
   5.2e+10  1.4e+10   3.5e+09  5.9e+08   5.6e+10  1.4e+10   1914.0    160.2   3568.0    269.9   2019.0   153.60   3.39   1.00   0.98   1.00  
   7.4e+10  2.0e+10   1.4e+10  2.3e+09   8.8e+10  2.0e+10   1174.0     97.4   5017.0    407.1   1789.0   180.00   3.20   0.99   0.16   0.35  
   1.1e+10  3.1e+09   2.3e+09  3.7e+08   1.4e+10  3.1e+09    757.4     77.4   1022.0     82.8    801.5    66.80   2.63   0.97   0.93   0.96  
   3.3e+10  2.2e+10   8.2e+09  5.1e+09   4.1e+10  2.2e+10    764.5    239.2   1840.0    536.0    978.7   224.60   2.44   1.00   0.91   1.00  
   4.9e+10  1.3e+10   2.3e+10  3.8e+09   7.1e+10  1.4e+10   1875.0    127.2   3329.0    146.3   2339.0   133.00   5.02   1.00   0.12   0.91  
   3.3e+09  9.0e+08   1.5e+09  2.4e+08   4.8e+09  9.4e+08    204.0     23.8    459.9     23.2    283.0    23.60   1.21   1.00   0.98   1.00  
   3.9e+10  1.0e+10   1.4e+09  2.4e+08   4.0e+10  1.0e+10    664.6     62.8   2500.0    137.1    727.4    63.20   2.54   1.00   0.99   1.00  
   1.6e+08  1.0e+08   2.1e+09  1.3e+09   2.3e+09  1.3e+09    264.1    103.2    448.1    143.3    435.0   133.30   2.30   0.98   0.94   0.94  
   1.6e+08  4.0e+07   3.2e+08  5.7e+07   4.8e+08  7.0e+07     89.1     22.6    145.1     16.3    127.0    13.70   1.63   0.45   0.37   0.39  
   4.7e+08  3.0e+08   3.0e+08  1.8e+08   7.7e+08  3.5e+08     79.4    113.4    111.4     86.8     91.8    77.20   1.55   0.10   0.05   0.06  
   1.6e+09  1.0e+09   6.1e+08  3.8e+08   2.2e+09  1.1e+09     51.7     41.3    115.3     51.9     69.2    33.40   0.99   0.74   0.06   0.16  
   1.9e+11  7.3e+10   2.3e+10  7.6e+09   2.1e+11  7.4e+10   7469.0   1021.0  14940.0   2728.0   8264.0   978.30   7.89   1.00   0.95   1.00  
   7.6e+10  2.9e+10   2.3e+10  7.9e+09   1.0e+11  3.0e+10   1129.0    405.0   4096.0    667.0   1828.0   378.70   6.15   1.00   0.17   0.86  
   1.4e+11  8.8e+10   1.1e+10  6.6e+09   1.5e+11  8.8e+10   1813.0    579.7   8044.0   2402.0   2269.0   577.90   3.55   0.99   0.83   1.01  
   6.1e+10  2.9e+10   1.6e+10  7.0e+09   7.7e+10  2.9e+10   1269.0    289.7   4826.0   1009.0   2022.0   355.10   3.19   0.99   0.06   0.20  
   4.5e+10  2.5e+10   3.6e+09  1.9e+09   4.8e+10  2.5e+10   1047.0    423.6   2804.0    788.0   1179.0   397.70   3.79   0.99   0.98   1.00  
   7.3e+09  4.0e+09   5.9e+09  3.1e+09   1.3e+10  5.1e+09    267.5    160.3   1497.0    416.4    815.7   223.11   2.43   0.99   0.57   0.86  
   6.5e+08  4.2e+08   1.1e+09  7.0e+08   1.8e+09  8.1e+08    171.1    126.0    384.1    137.6    306.5    99.70   2.21   0.98   0.86   0.90  
   3.9e+08  1.0e+08   7.1e+08  1.3e+08   1.1e+09  1.6e+08     53.4     23.5    112.8     27.5     91.9    20.00   1.16   0.97   0.80   0.74  
   1.0e+09  6.4e+08   7.7e+08  4.8e+08   1.8e+09  8.0e+08    217.0    104.2    291.2     90.1    249.4    70.80   1.86   0.99   0.81   0.94  
   7.4e+08  4.8e+08   1.3e+09  7.9e+08   2.0e+09  9.2e+08    206.1     77.6    315.7    101.9    275.6    71.00   1.73   0.87   0.81   0.83  
   9.9e+10  5.5e+10   1.8e+10  9.2e+09   1.2e+11  5.6e+10   1595.0    928.5   6366.0   1615.0   2316.0   843.10   8.07   1.00   0.16   0.81  
   4.6e+08  3.0e+08   4.7e+08  2.9e+08   9.3e+08  4.2e+08    102.2     58.7    131.6     48.7    117.0    38.10   1.47   0.22   0.11   0.15  
   2.7e+08  1.8e+08   6.5e+08  4.0e+08   9.2e+08  4.4e+08     45.1     19.3    264.8     83.9    199.8    60.80   0.38   0.98   0.87   0.90  
   2.6e+08  1.7e+08   1.2e+09  7.4e+08   1.4e+09  7.5e+08    149.4    112.9    246.8    124.1    229.4   104.00   1.99   0.16   0.84   0.82  
   1.2e+08  7.4e+07   2.1e+08  1.3e+08   3.3e+08  1.5e+08     83.7     49.1    115.6     41.0    104.4    31.80   1.66   0.15   0.08   0.09  
   2.4e+09  1.5e+09   2.0e+09  1.2e+09   4.3e+09  2.0e+09    271.3    114.2    647.5    199.9    442.0   113.20   1.67   1.00   0.06   0.19  
   1.1e+09  4.2e+08   7.8e+08  2.5e+08   1.9e+09  4.8e+08    258.4     53.7    382.0     60.4    308.7    41.10   2.05   0.87   0.71   0.80  
   4.8e+08  3.1e+08   7.5e+08  4.7e+08   1.2e+09  5.6e+08    199.0     76.4    456.4    144.4    355.8    94.50   1.49   1.00   0.91   0.93  
   1.5e+09  9.7e+08   1.3e+09  8.1e+08   2.8e+09  1.3e+09    155.1    141.9    215.6    126.6    183.2    96.20   2.82   0.87   0.40   0.69  
   4.4e+08  1.6e+08   8.0e+08  2.5e+08   1.2e+09  3.0e+08    355.5    126.0    360.3     55.5    358.6    57.50   5.15   0.25   0.85   0.73  
   4.1e+10  2.2e+10   5.5e+09  2.9e+09   4.6e+10  2.3e+10    987.3    404.2   3479.0    872.9   1287.0   378.20   3.60   1.00   0.53   1.00  
   5.9e+10  3.2e+10   6.4e+09  3.3e+09   6.5e+10  3.3e+10    962.2    677.7   4675.0   1215.0   1328.0   629.50   5.37   1.00   0.98   1.00  
   7.7e+08  2.8e+08   5.8e+08  1.8e+08   1.4e+09  3.4e+08    127.3     32.9    284.8     49.3    195.1    30.30   1.39   0.98   0.74   0.87  
   3.1e+09  1.1e+09   2.0e+09  6.5e+08   5.1e+09  1.3e+09    474.3     88.4    697.2    105.9    563.6    69.50   2.76   0.76   0.22   0.52  
   1.3e+09  4.7e+08   8.0e+08  2.5e+08   2.1e+09  5.3e+08    166.4     36.0    240.2     38.2    195.1    27.00   1.44   0.90   0.57   0.79  
   4.3e+09  1.6e+09   4.1e+09  1.3e+09   8.5e+09  2.1e+09    609.5    174.6    970.2    201.9    786.0   135.50   3.94   1.00   0.96   0.98  
   2.4e+10  8.7e+09   1.4e+09  4.4e+08   2.5e+10  8.7e+09    427.0     53.8    828.7    113.8    449.5    51.60   1.07   1.00   0.79   0.99  
   2.5e+09  9.1e+08   3.7e+09  1.2e+09   6.2e+09  1.5e+09    505.3    107.4    959.2    146.7    777.5   102.70   3.21   1.00   0.95   0.97  
   1.7e+09  6.2e+08   1.1e+09  3.5e+08   2.8e+09  7.1e+08    231.9     57.3    376.0     67.3    288.6    44.80   2.26   0.81   0.53   0.69  
   1.4e+09  9.1e+08   4.5e+09  2.7e+09   5.9e+09  2.9e+09    295.2    133.9    669.8    206.3    579.9   161.20   3.38   1.00   0.92   0.93  
   1.1e+09  2.8e+08   6.8e+08  1.2e+08   1.8e+09  3.0e+08    158.8     12.7    234.8     14.8    188.5    10.90   1.25   0.83   0.14   0.62  
   8.5e+08  5.5e+08   1.1e+09  6.6e+08   1.9e+09  8.6e+08    145.3     77.7    335.0    146.0    250.7    89.20   1.20   1.00   0.32   0.67  
   1.9e+09  1.2e+09   7.4e+08  4.6e+08   2.6e+09  1.3e+09    194.8    118.5    283.3     99.8    220.1    89.50   2.26   0.86   0.88   0.87  
   5.7e+08  3.7e+08   6.8e+08  4.2e+08   1.3e+09  5.6e+08    212.7    103.0    338.7    108.7    281.4    76.10   1.64   0.77   0.65   0.69  
   1.2e+09  3.1e+08   1.9e+09  3.5e+08   3.1e+09  4.7e+08    347.9     49.0    490.2     43.8    436.2    34.30   3.46   0.87   0.87   0.87  
   5.5e+07  1.4e+07   1.3e+08  2.3e+07   1.8e+08  2.7e+07     16.6      9.9     46.9      5.9     37.7     5.40   0.58   0.94   0.41   0.53  
   2.2e+07  5.8e+06   2.8e+07  5.1e+06   5.1e+07  7.8e+06      0      0        14.2      3.4      0       0       0.90    0      0.13   0      
   1.8e+08  1.2e+08   2.1e+08  1.3e+08   4.0e+08  1.8e+08     51.0     20.2    130.2     40.8     93.6    24.50   0.53   1.00   0.34   0.62  
   1.2e+08  7.8e+07   4.9e+08  3.0e+08   6.1e+08  3.1e+08    121.6    103.2    185.2    104.1    172.7    86.10   1.50   0.11   0.13   0.12  
   4.0e+08  2.6e+08   3.6e+08  2.2e+08   7.6e+08  3.4e+08     68.9     21.7    138.5     43.1    101.7    23.80   0.57   1.00   0.82   0.95  
   5.7e+07  1.5e+07   9.5e+07  1.7e+07   1.5e+08  2.3e+07     20.3      9.9     43.3      7.9     34.7     6.40   0.61   0.40   0.12   0.14  
   6.3e+08  1.6e+08   7.9e+08  1.3e+08   1.4e+09  2.0e+08    170.0      9.5    366.9     15.7    280.0    16.80   1.05   1.00   0.92   0.85  
   5.1e+08  1.7e+08   8.8e+08  2.4e+08   1.4e+09  2.9e+08    101.5     15.1    356.5     46.5    262.6    34.30   0.67   0.99   0.88   0.92  
   1.5e+08  9.4e+07   3.5e+08  2.2e+08   5.0e+08  2.4e+08     46.4     16.3    178.6     55.4    139.9    40.20   0.45   1.00   0.91   0.92  
   2.8e+10  1.5e+10   5.5e+09  2.8e+09   3.3e+10  1.6e+10    703.8    294.6   2308.0    608.7    968.2   273.00   3.09   1.00   0.06   0.49  
   2.4e+08  6.2e+07   2.1e+08  3.8e+07   4.5e+08  7.3e+07     62.8     18.3    104.3      9.5     82.2    11.10   1.72   0.94   0.21   0.72  
   1.6e+11  7.3e+10   4.5e+10  1.9e+10   2.0e+11  7.6e+10   2201.0    689.0  11930.0   2471.0   4367.0   903.80   6.97   0.99   0.59   0.93  
   1.7e+08  1.1e+08   2.4e+08  1.6e+08   4.1e+08  1.9e+08     49.0     34.0     80.7     35.9     67.9    25.60   1.04   0.93   0.62   0.75  
   8.7e+08  5.6e+08   1.2e+09  7.8e+08   2.1e+09  9.6e+08    218.9     89.6    341.1    118.9    290.9    79.60   1.80   0.93   0.85   0.87  
   1.4e+09  3.9e+08   4.1e+09  7.1e+08   5.5e+09  8.1e+08    185.2     20.6    755.5     48.9    611.5    47.80   1.67   1.00   0.69   0.74  
   6.0e+09  3.3e+09   2.2e+09  1.2e+09   8.2e+09  3.5e+09    274.8    179.0    496.8    205.9    334.5   142.60   2.75   1.00   0.92   0.99  
   7.1e+10  4.6e+10   1.1e+09  7.0e+08   7.3e+10  4.6e+10    879.1    475.7   1698.0    571.1    891.7   468.50   2.44   0.85   0.98   0.86  
   6.4e+08  1.9e+08   9.0e+08  1.8e+08   1.5e+09  2.6e+08    186.5     21.0    403.6     37.0    314.0    27.70   1.56   1.00   0.70   0.84  
   6.4e+08  4.2e+08   1.8e+09  1.1e+09   2.4e+09  1.2e+09    259.8    107.7    456.8    146.3    404.7   111.80   2.42   0.85   0.75   0.78  
   8.4e+08  5.5e+08   4.0e+09  2.5e+09   4.8e+09  2.5e+09    282.3    131.9    837.3    323.2    740.0   268.50   1.98   1.00   0.74   0.76  
   1.0e+07  3.1e+06   1.8e+07  4.3e+06   2.8e+07  5.3e+06      8.9      5.6     14.5      3.4     12.5     3.00   0.29   0.15   0.12   0.13  
   2.2e+09  1.3e+09   1.3e+09  7.1e+08   3.5e+09  1.5e+09    215.7     58.4    479.3    129.8    314.9    63.40   1.42   1.00   0.24   0.78  
   1.6e+07  3.9e+06   7.1e+07  1.2e+07   8.7e+07  1.2e+07     22.4      7.4     43.3      3.8     39.5     3.50   0.74   1.00   0.78   0.81  
