# (u-r) colour distributions of galaxies in NYU-VAGC SDSS catalogue
# (Blanton etal 2005), as shown in Fig.9 of Juan's paper (1st submitted
# version). (19/01/09)
#
# Absolute magnitudes & colours calculated within Petrosian aperture. 
# Magnitude values are AB for H0=100. 
# Normalized probability distributions calculated using 1/Vmax weightings.
#
#      (u-r)     Prob Dist (Mr_Pet=-17.5)
   -0.0450000   0.00242811
    0.0450000      0.00000
     0.135000      0.00000
     0.225000   0.00192097
     0.315000   0.00788913
     0.405000    0.0118356
     0.495000    0.0244981
     0.585000    0.0434754
     0.675000    0.0887078
     0.765000     0.184981
     0.855000     0.328849
     0.945000     0.546753
      1.03500     0.802430
      1.12500      1.01949
      1.21500      1.29682
      1.30500      1.09738
      1.39500     0.947308
      1.48500     0.864990
      1.57500     0.679605
      1.66500     0.512443
      1.75500     0.491638
      1.84500     0.400870
      1.93500     0.382252
      2.02500     0.355998
      2.11500     0.303654
      2.20500     0.208822
      2.29500     0.150756
      2.38500     0.100353
      2.47500    0.0642414
      2.56500    0.0598533
      2.65500    0.0245652
      2.74500    0.0114920
      2.83500    0.0236875
      2.92500    0.0122493
      3.01500   0.00757859
      3.10500   0.00254277
      3.19500   0.00283558
      3.28500   0.00803152
      3.37500   0.00410001
#      (u-r)     Prob Dist (Mr_Pet=-18.25)
    -0.225000   0.00127641
    -0.135000      0.00000
   -0.0450000   0.00129192
    0.0450000      0.00000
     0.135000      0.00000
     0.225000   0.00398838
     0.315000   0.00293342
     0.405000   0.00462101
     0.495000   0.00432618
     0.585000    0.0185232
     0.675000    0.0638456
     0.765000     0.107357
     0.855000     0.159881
     0.945000     0.342404
      1.03500     0.587325
      1.12500     0.831727
      1.21500      1.04324
      1.30500      1.06865
      1.39500      1.00758
      1.48500     0.900956
      1.57500     0.714737
      1.66500     0.620695
      1.75500     0.476809
      1.84500     0.402377
      1.93500     0.445872
      2.02500     0.500010
      2.11500     0.492155
      2.20500     0.461536
      2.29500     0.327541
      2.38500     0.171923
      2.47500     0.109371
      2.56500    0.0641694
      2.65500    0.0354669
      2.74500    0.0211893
      2.83500    0.0217098
      2.92500    0.0190095
      3.01500   0.00640839
      3.10500   0.00591909
      3.19500   0.00588292
#      (u-r)     Prob Dist (Mr_Pet=-19.00)
    0.0450000   0.00158416
     0.135000      0.00000
     0.225000   0.00158416
     0.315000   0.00316831
     0.405000      0.00000
     0.495000   0.00316831
     0.585000    0.0126732
     0.675000    0.0174253
     0.765000    0.0253461
     0.855000    0.0396039
     0.945000     0.104558
      1.03500     0.245542
      1.12500     0.437221
      1.21500     0.609891
      1.30500     0.866519
      1.39500     0.868110
      1.48500     0.926718
      1.57500     0.882359
      1.66500     0.678012
      1.75500     0.589299
      1.84500     0.541772
      1.93500     0.518011
      2.02500     0.594049
      2.11500     0.685929
      2.20500     0.796819
      2.29500     0.723947
      2.38500     0.475240
      2.47500     0.199600
      2.56500    0.0902958
      2.65500    0.0554444
      2.74500    0.0300986
      2.83500    0.0285144
      2.92500   0.00633662
      3.01500   0.00633662
      3.10500   0.00792078
#      (u-r)     Prob Dist (Mr_Pet=-19.75)
    0.0450000   0.00198450
     0.135000      0.00000
     0.225000      0.00000
     0.315000      0.00000
     0.405000      0.00000
     0.495000   0.00396899
     0.585000   0.00198450
     0.675000   0.00198450
     0.765000   0.00595349
     0.855000   0.00992248
     0.945000    0.0218293
      1.03500    0.0654884
      1.12500     0.125023
      1.21500     0.184558
      1.30500     0.369114
      1.39500     0.484214
      1.48500     0.571532
      1.57500     0.752119
      1.66500     0.724337
      1.75500     0.730290
      1.84500     0.613205
      1.93500     0.595345
      2.02500     0.662816
      2.11500     0.712429
      2.20500     0.938660
      2.29500      1.17680
      2.38500      1.12520
      2.47500     0.664802
      2.56500     0.283781
      2.65500     0.103192
      2.74500    0.0456431
      2.83500    0.0377052
      2.92500    0.0218292
      3.01500    0.0178605
      3.10500    0.0198448
      3.19500   0.00595349
      3.28500   0.00396899
      3.37500   0.00198450
      3.46500   0.00198450
#      (u-r)     Prob Dist (Mr_Pet=-20.50)
     0.765000   0.00322955
     0.855000      0.00000
     0.945000    0.0129191
      1.03500   0.00969027
      1.12500    0.0322972
      1.21500    0.0516815
      1.30500    0.0839803
      1.39500     0.180878
      1.48500     0.222870
      1.57500     0.316538
      1.66500     0.497417
      1.75500     0.484494
      1.84500     0.652454
      1.93500     0.623381
      2.02500     0.662156
      2.11500     0.681532
      2.20500      1.02713
      2.29500      1.29199
      2.38500      1.60204
      2.47500      1.27585
      2.56500     0.613694
      2.65500     0.348835
      2.74500     0.122745
      2.83500     0.100130
      2.92500    0.0452170
      3.01500    0.0226107
      3.10500    0.0161491
      3.19500    0.0129203
      3.28500   0.00645939
      3.37500    0.0258378
      3.46500    0.0129195
      3.55500    0.0129203
      3.64500   0.00646020
      3.73500   0.00646017
      3.82500   0.00322948
      3.91500      0.00000
      4.00500   0.00323052
      4.09500   0.00322995
      4.18500      0.00000
#      (u-r)     Prob Dist (Mr_Pet=-21.25)
      1.03500   0.00994950
      1.12500    0.0198931
      1.21500    0.0198907
      1.30500    0.0198920
      1.39500    0.0397871
      1.48500    0.0895228
      1.57500     0.129303
      1.66500     0.119360
      1.75500     0.228822
      1.84500     0.407798
      1.93500     0.457567
      2.02500     0.686345
      2.11500     0.547093
      2.20500     0.736139
      2.29500     0.974867
      2.38500      1.45227
      2.47500      1.99938
      2.56500      1.48215
      2.65500     0.736133
      2.74500     0.407842
      2.83500     0.238740
      2.92500     0.139258
      3.01500    0.0298354
      3.10500    0.0198898
      3.19500      0.00000
      3.28500    0.0298463
      3.37500      0.00000
      3.46500      0.00000
      3.55500      0.00000
      3.64500    0.0198959
      3.73500      0.00000
      3.82500   0.00995432
      3.91500      0.00000
      4.00500      0.00000
      4.09500   0.00994412
      4.18500      0.00000
      4.27500      0.00000
      4.36500      0.00000
      4.45500      0.00000
