8.891482330928770494e+00 2.170353381424607875e-01 5.563032272925864941e-03 5.022110371644119761e-03 6.103954174207610120e-03
9.125000000000000000e+00 2.500000000000000000e-01 4.834421353246465269e-03 4.364287245332461491e-03 5.304555461160469047e-03
9.375000000000000000e+00 2.500000000000000000e-01 3.690902236510132037e-03 3.327302331446330315e-03 4.054502141573933759e-03
9.625000000000000000e+00 2.500000000000000000e-01 2.700592477156392446e-03 2.424567082829143586e-03 2.976617871483641306e-03
9.875000000000000000e+00 2.500000000000000000e-01 1.879590159841217079e-03 1.673505242954387772e-03 2.085675076728046168e-03
1.012500000000000000e+01 2.500000000000000000e-01 1.444941874207527482e-03 1.268836141136532548e-03 1.621047607278522417e-03
1.037500000000000000e+01 2.500000000000000000e-01 1.159617201390520519e-03 9.970388710585629567e-04 1.322195531722478081e-03
1.062500000000000000e+01 2.500000000000000000e-01 8.704067840020757174e-04 7.258589081287831254e-04 1.014954659875368309e-03
1.087500000000000000e+01 2.500000000000000000e-01 5.900780684912031171e-04 4.715378740492424969e-04 7.086182629331637915e-04
1.112500000000000000e+01 2.500000000000000000e-01 2.620102053883799353e-04 1.972236387153590369e-04 3.267967720614008338e-04
1.137500000000000000e+01 2.500000000000000000e-01 8.437616783693591138e-05 5.826450112856263396e-05 1.104878345453091888e-04
1.162500000000000000e+01 2.500000000000000000e-01 1.276744644901003922e-05 7.379219424659132829e-06 1.815567347336094646e-05
1.187500000000000000e+01 2.500000000000000000e-01 1.110212734696525150e-06 1.802607777339233574e-07 2.040164691659127048e-06
