8.875000000000000000e+00 2.500000000000000000e-01 4.603862582879634114e-04 3.984613979314804294e-04 5.223111186444463934e-04
9.125000000000000000e+00 2.500000000000000000e-01 4.275991063624110357e-04 3.697846863862074831e-04 4.854135263386145883e-04
9.375000000000000000e+00 2.500000000000000000e-01 4.180361870508245842e-04 3.611468992506075321e-04 4.749254748510416363e-04
9.625000000000000000e+00 2.500000000000000000e-01 4.139377930601302255e-04 3.565936535946403162e-04 4.712819325256201348e-04
9.875000000000000000e+00 2.500000000000000000e-01 6.051961792925336300e-04 5.205363409674463801e-04 6.898560176176208800e-04
1.012500000000000000e+01 2.500000000000000000e-01 8.633950007062782261e-04 7.368243011292950747e-04 9.899657002832612691e-04
1.037500000000000000e+01 2.500000000000000000e-01 1.058751780929375989e-03 8.895818526920244848e-04 1.227921709166727602e-03
1.062500000000000000e+01 2.500000000000000000e-01 1.042358204966598555e-03 8.546329782765766346e-04 1.230083431656620475e-03
1.087500000000000000e+01 2.500000000000000000e-01 8.415368994225749799e-04 6.662648641767217892e-04 1.016808934668428279e-03
1.112500000000000000e+01 2.500000000000000000e-01 4.275991063624447544e-04 3.219524874664270566e-04 5.332457252584624522e-04
1.137500000000000000e+01 2.500000000000000000e-01 1.789632042603203285e-04 1.254435587665250317e-04 2.324828497541156253e-04
1.162500000000000000e+01 2.500000000000000000e-01 4.235007123717503957e-05 2.599538293880516147e-05 5.870475953554491768e-05
1.187500000000000000e+01 2.500000000000000000e-01 4.098393990694358668e-06 1.198205841579714148e-06 6.998582139809003612e-06
1.212500000000000000e+01 2.500000000000000000e-01 1.366131330231452889e-06 -1.545698014570509380e-07 2.886832461919956505e-06
