8.454722394874824687e+00 9.055521025035062621e-02 1.200857406586456309e-02 1.052590142080162688e-02 1.349124671092749930e-02
8.625000000000000000e+00 2.500000000000000000e-01 1.112558401639465386e-02 9.752621201590108702e-03 1.249854683119919901e-02
8.875000000000000000e+00 2.500000000000000000e-01 9.594340332209402161e-03 8.408867283943631185e-03 1.077981338047517314e-02
9.125000000000000000e+00 2.500000000000000000e-01 7.849790623509184107e-03 6.880092156022568108e-03 8.819489090995800973e-03
9.375000000000000000e+00 2.500000000000000000e-01 6.344313897606951302e-03 5.555293752991928569e-03 7.133334042221974036e-03
9.625000000000000000e+00 2.500000000000000000e-01 4.924903445493768184e-03 4.298674941709964073e-03 5.551131949277572294e-03
9.875000000000000000e+00 2.500000000000000000e-01 3.719975612227331696e-03 3.225363900744063726e-03 4.214587323710599666e-03
1.012500000000000000e+01 2.500000000000000000e-01 2.736361054458812114e-03 2.345458576203635938e-03 3.127263532713988291e-03
1.037500000000000000e+01 2.500000000000000000e-01 1.998650136132422428e-03 1.683118863701531676e-03 2.314181408563313180e-03
1.062500000000000000e+01 2.500000000000000000e-01 1.581980080411035661e-03 1.299041064559774972e-03 1.864919096262296350e-03
1.087500000000000000e+01 2.500000000000000000e-01 1.038259810977881781e-03 8.227831195212536794e-04 1.253736502434509882e-03
1.112500000000000000e+01 2.500000000000000000e-01 4.521894703074721966e-04 3.406264310245821973e-04 5.637525095903621417e-04
1.137500000000000000e+01 2.500000000000000000e-01 1.174872944001287278e-04 8.157621965689983970e-05 1.533983691433576024e-04
1.162500000000000000e+01 2.500000000000000000e-01 1.502744463257460472e-05 8.177420337375308675e-06 2.187746892777390077e-05
1.187500000000000000e+01 2.500000000000000000e-01 2.732262660468109949e-06 5.001173528289131495e-07 4.964407968107306749e-06
