8.673013267567396767e+00 1.539734648652064664e-01 8.909854311010911507e-03 7.977810408495392136e-03 9.841898213526430877e-03
8.875000000000000000e+00 2.500000000000000000e-01 8.479982096580272050e-03 7.595795380932266437e-03 9.364168812228276795e-03
9.125000000000000000e+00 2.500000000000000000e-01 7.162617798842215930e-03 6.417278185116309652e-03 7.907957412568122207e-03
9.375000000000000000e+00 2.500000000000000000e-01 5.772378029302388525e-03 5.167648347227648924e-03 6.377107711377128126e-03
9.625000000000000000e+00 2.500000000000000000e-01 4.560723207112989119e-03 4.070432429074516065e-03 5.051013985151462174e-03
9.875000000000000000e+00 2.500000000000000000e-01 3.264981302076010172e-03 2.894412697387519981e-03 3.635549906764500364e-03
1.012500000000000000e+01 2.500000000000000000e-01 2.472961064707068779e-03 2.166960184412939239e-03 2.778961945001198319e-03
1.037500000000000000e+01 2.500000000000000000e-01 1.789052790983028385e-03 1.539538573092710892e-03 2.038567008873345878e-03
1.062500000000000000e+01 2.500000000000000000e-01 1.233277214912203990e-03 1.033661547037527644e-03 1.432892882786880335e-03
1.087500000000000000e+01 2.500000000000000000e-01 7.631903803969677935e-04 6.164535253994176452e-04 9.099272353945179418e-04
1.112500000000000000e+01 2.500000000000000000e-01 3.571698947083395970e-04 2.739870166016095229e-04 4.403527728150696710e-04
1.137500000000000000e+01 2.500000000000000000e-01 1.417467967788701988e-04 1.011302637334088257e-04 1.823633298243315854e-04
1.162500000000000000e+01 2.500000000000000000e-01 2.562653953064319978e-05 1.589491531570548001e-05 3.535816374558091956e-05
1.187500000000000000e+01 2.500000000000000000e-01 1.601658720665199986e-06 2.941728970445009075e-07 2.909144544285899065e-06
