9.434074719970846346e+00 1.318505600583073090e-01 1.319041346240993088e-03 1.118773254832399963e-03 1.519309437649586213e-03
9.625000000000000000e+00 2.500000000000000000e-01 1.061916968526553651e-03 8.871358645502513181e-04 1.236698072502855983e-03
9.875000000000000000e+00 2.500000000000000000e-01 5.983998011383287463e-04 4.854039663317447940e-04 7.113956359449126986e-04
1.012500000000000000e+01 2.500000000000000000e-01 3.327346783622148196e-04 2.588466753515706415e-04 4.066226813728589977e-04
1.037500000000000000e+01 2.500000000000000000e-01 1.628832064233878829e-04 1.194818242085082636e-04 2.062845886382675157e-04
1.062500000000000000e+01 2.500000000000000000e-01 8.158677540993225508e-05 5.517084948854896408e-05 1.080027013313155461e-04
1.087500000000000000e+01 2.500000000000000000e-01 4.122890429968106840e-05 2.489417933597006758e-05 5.756362926339206922e-05
1.112500000000000000e+01 2.500000000000000000e-01 2.467927370051331559e-05 1.273432955128749265e-05 3.662421784973913684e-05
1.137500000000000000e+01 2.500000000000000000e-01 9.871709480205326237e-06 3.963575213077777344e-06 1.577984374733287513e-05
1.162500000000000000e+01 2.500000000000000000e-01 4.935854740102663119e-06 1.307286290584747280e-06 8.564423189620578534e-06
1.187500000000000000e+01 2.500000000000000000e-01 1.742066378859763454e-06 1.226423225131652735e-07 3.361490435206361845e-06
