9.435380543613081983e+00 1.292389127738378107e-01 5.091521979112310301e-06 2.745212091766191611e-06 7.437831866458428992e-06
9.625000000000000000e+00 2.500000000000000000e-01 7.369854967379227833e-06 5.223213815123466122e-06 9.516496119634989544e-06
9.875000000000000000e+00 2.500000000000000000e-01 1.895105563040370088e-05 1.498947225327768731e-05 2.291263900752971445e-05
1.012500000000000000e+01 2.500000000000000000e-01 4.685122086405365860e-05 3.851695959315918727e-05 5.518548213494812993e-05
1.037500000000000000e+01 2.500000000000000000e-01 9.791378742375308249e-05 8.001853274966624625e-05 1.158090420978399187e-04
1.062500000000000000e+01 2.500000000000000000e-01 1.100214062987346154e-04 8.659104492765988428e-05 1.334517676698093464e-04
1.087500000000000000e+01 2.500000000000000000e-01 8.896467782050791664e-05 6.599733076306535948e-05 1.119320248779504738e-04
1.112500000000000000e+01 2.500000000000000000e-01 3.895494768471944279e-05 2.627470128574604003e-05 5.163519408369284555e-05
1.137500000000000000e+01 2.500000000000000000e-01 1.052836423911336292e-05 5.924256546435124103e-06 1.513247193179160258e-05
1.162500000000000000e+01 2.500000000000000000e-01 1.052836423911336292e-06 1.627961292145592578e-07 1.942876718608113431e-06
