8.963759211456714837e+00 7.248157708657210208e-02 3.293047523582167107e-03 2.932099248979150741e-03 3.653995798185183472e-03
9.125000000000000000e+00 2.500000000000000000e-01 3.680832468211455918e-03 3.281950855132663523e-03 4.079714081290247880e-03
9.375000000000000000e+00 2.500000000000000000e-01 2.997951717085677731e-03 2.665276208452358516e-03 3.330627225718996946e-03
9.625000000000000000e+00 2.500000000000000000e-01 2.089880301462711254e-03 1.845593158261102330e-03 2.334167444664319961e-03
9.875000000000000000e+00 2.500000000000000000e-01 1.408168716980542218e-03 1.228413442897751924e-03 1.587923991063332511e-03
1.012500000000000000e+01 2.500000000000000000e-01 1.031253277220516712e-03 8.821004526045389451e-04 1.180406101836494479e-03
1.037500000000000000e+01 2.500000000000000000e-01 7.891008997210589848e-04 6.554327814735953165e-04 9.227690179685226531e-04
1.062500000000000000e+01 2.500000000000000000e-01 6.422302185855183199e-04 5.115750674112892315e-04 7.728853697597474082e-04
1.087500000000000000e+01 2.500000000000000000e-01 4.106062053251674504e-04 3.083555415203964069e-04 5.128568691299384939e-04
1.112500000000000000e+01 2.500000000000000000e-01 1.884577198800127529e-04 1.302987698387127885e-04 2.466166699213127173e-04
1.137500000000000000e+01 2.500000000000000000e-01 5.369465761944497428e-05 3.282685922866644110e-05 7.456245601022350069e-05
1.162500000000000000e+01 2.500000000000000000e-01 7.896273179330143277e-06 3.708094990109150309e-06 1.208445136855113540e-05
1.187500000000000000e+01 2.500000000000000000e-01 1.052836423910685770e-06 9.785747179990227578e-08 2.007815376021469265e-06
