9.204283244892931037e+00 9.143351021413614887e-02 1.902256534183997122e-03 1.614865741577789678e-03 2.189647326790204566e-03
9.375000000000000000e+00 2.500000000000000000e-01 2.319895373923539904e-03 1.959541971222262310e-03 2.680248776624817499e-03
9.625000000000000000e+00 2.500000000000000000e-01 1.829800087331283614e-03 1.520462586165473133e-03 2.139137588497094095e-03
9.875000000000000000e+00 2.500000000000000000e-01 1.191649167194858139e-03 9.647669889193014135e-04 1.418531345470414864e-03
1.012500000000000000e+01 2.500000000000000000e-01 7.092374597102366063e-04 5.521827759787117538e-04 8.662921434417614587e-04
1.037500000000000000e+01 2.500000000000000000e-01 4.411706616254187918e-04 3.246432652612795235e-04 5.576980579895580601e-04
1.062500000000000000e+01 2.500000000000000000e-01 2.599271179810277999e-04 1.765424568599136337e-04 3.433117791021419660e-04
1.087500000000000000e+01 2.500000000000000000e-01 1.432583698267042571e-04 8.683870930201647914e-05 1.996780303513920351e-04
1.112500000000000000e+01 2.500000000000000000e-01 9.062177182219549598e-05 4.671734865702671175e-05 1.345261949873642734e-04
1.137500000000000000e+01 2.500000000000000000e-01 4.069840051895007305e-05 1.633428765213382542e-05 6.506251338576632068e-05
1.162500000000000000e+01 2.500000000000000000e-01 1.573671486732736158e-05 4.058126735108338317e-06 2.741530299954638653e-05
1.187500000000000000e+01 2.500000000000000000e-01 2.170581361010670562e-06 -1.436359689380049405e-08 4.355526318915142042e-06
