9.214477283942336783e+00 7.104543211532643454e-02 2.448151655491138771e-03 2.077527840995173260e-03 2.818775469987104283e-03
9.375000000000000000e+00 2.500000000000000000e-01 2.319895373923539904e-03 1.959541971222262310e-03 2.680248776624817499e-03
9.625000000000000000e+00 2.500000000000000000e-01 1.829257441991030946e-03 1.520011201966528502e-03 2.138503682015533390e-03
9.875000000000000000e+00 2.500000000000000000e-01 1.190563876514352804e-03 9.638870325914331016e-04 1.417240720437272505e-03
1.012500000000000000e+01 2.500000000000000000e-01 6.994698435856885887e-04 5.445612431743514703e-04 8.543784439970257072e-04
1.037500000000000000e+01 2.500000000000000000e-01 4.134957492725327421e-04 3.042137702462512300e-04 5.227777282988142543e-04
1.062500000000000000e+01 2.500000000000000000e-01 2.317095602878890825e-04 1.572853366304230904e-04 3.061337839453550746e-04
1.087500000000000000e+01 2.500000000000000000e-01 1.123275854323022016e-04 6.794094532754034444e-05 1.567142255370640588e-04
1.112500000000000000e+01 2.500000000000000000e-01 7.542770229512080205e-05 3.879072306163435652e-05 1.120646815286072476e-04
1.137500000000000000e+01 2.500000000000000000e-01 2.930284837364405259e-05 1.163424013837946149e-05 4.697145660890864369e-05
1.162500000000000000e+01 2.500000000000000000e-01 1.139555214530602045e-05 2.838381813683929760e-06 1.995272247692811115e-05
1.187500000000000000e+01 2.500000000000000000e-01 2.170581361010670562e-06 -1.436359689380049405e-08 4.355526318915142042e-06
