9.420397680499050352e+00 1.592046390019010715e-01 1.092407490964266738e-03 9.274274701498955598e-04 1.257387511778637916e-03
9.625000000000000000e+00 2.500000000000000000e-01 1.061916968526553651e-03 8.871358645502513181e-04 1.236698072502855983e-03
9.875000000000000000e+00 2.500000000000000000e-01 5.983998011383287463e-04 4.854039663317447940e-04 7.113956359449126986e-04
1.012500000000000000e+01 2.500000000000000000e-01 3.353477779305044648e-04 2.608846369356023149e-04 4.098109189254066148e-04
1.037500000000000000e+01 2.500000000000000000e-01 1.721742271106399547e-04 1.263282745660911771e-04 2.180201796551887322e-04
1.062500000000000000e+01 2.500000000000000000e-01 9.639433963024024443e-05 6.526554745044359923e-05 1.275231318100368896e-04
1.087500000000000000e+01 2.500000000000000000e-01 5.487509093408254879e-05 3.325542048731583021e-05 7.649476138084926736e-05
1.112500000000000000e+01 2.500000000000000000e-01 3.658339395605503253e-05 1.902204284538079260e-05 5.414474506672927584e-05
1.137500000000000000e+01 2.500000000000000000e-01 1.393653103087810763e-05 5.696119963143198622e-06 2.217694209861301494e-05
1.162500000000000000e+01 2.500000000000000000e-01 5.226199136579290361e-06 1.395819230995411018e-06 9.056579042163168857e-06
1.187500000000000000e+01 2.500000000000000000e-01 1.742066378859763454e-06 1.226423225131652735e-07 3.361490435206361845e-06
