8.469177721595468000e+00 6.164455680906222312e-02 1.411827308679312193e-03 1.190392012587190374e-03 1.633262604771434012e-03
8.625000000000000000e+00 2.500000000000000000e-01 9.694305651199614264e-04 8.314125697911401748e-04 1.107448560448782678e-03
8.875000000000000000e+00 2.500000000000000000e-01 6.732924322474954232e-04 5.750167294333304946e-04 7.715681350616603517e-04
9.125000000000000000e+00 2.500000000000000000e-01 5.257499548105442656e-04 4.473186655869989701e-04 6.041812440340895611e-04
9.375000000000000000e+00 2.500000000000000000e-01 4.530177476233148218e-04 3.840345319239163750e-04 5.220009633227132686e-04
9.625000000000000000e+00 2.500000000000000000e-01 4.530177476233148218e-04 3.829157457656320851e-04 5.231197494809975042e-04
9.875000000000000000e+00 2.500000000000000000e-01 6.753704953099477944e-04 5.708962850101271429e-04 7.798447056097684458e-04
1.012500000000000000e+01 2.500000000000000000e-01 8.104445943718160961e-04 6.797911335991042294e-04 9.410980551445279627e-04
1.037500000000000000e+01 2.500000000000000000e-01 1.005782522246048694e-03 8.327298162568624916e-04 1.178835228235235004e-03
1.062500000000000000e+01 2.500000000000000000e-01 9.268161258713589201e-04 7.507761781355928475e-04 1.102856073607124884e-03
1.087500000000000000e+01 2.500000000000000000e-01 7.460246394345691756e-04 5.859977502406205985e-04 9.060515286285177527e-04
1.112500000000000000e+01 2.500000000000000000e-01 4.613299998731876239e-04 3.469345130078089448e-04 5.757254867385663572e-04
1.137500000000000000e+01 2.500000000000000000e-01 1.683231080618387276e-04 1.180534606441562857e-04 2.185927554795211560e-04
1.162500000000000000e+01 2.500000000000000000e-01 3.740513512485305059e-05 2.241013039912213432e-05 5.240013985058396685e-05
1.187500000000000000e+01 2.500000000000000000e-01 8.312252249967344575e-06 3.088285267156976975e-06 1.353621923277771133e-05
