8.125000000000000000e+00 2.500000000000000000e-01 4.192992177093770624e-03 3.499778526626582884e-03 4.886205827560958365e-03
8.375000000000000000e+00 2.500000000000000000e-01 2.387031061182938452e-03 1.985975889299615351e-03 2.788086233066261552e-03
8.625000000000000000e+00 2.500000000000000000e-01 1.472841779829643476e-03 1.218348732144200908e-03 1.727334827515086043e-03
8.875000000000000000e+00 2.500000000000000000e-01 1.287484140871564611e-03 1.061971460467396513e-03 1.512996821275732710e-03
9.125000000000000000e+00 2.500000000000000000e-01 1.031991179064366965e-03 8.472631015167676576e-04 1.216719256611966272e-03
9.375000000000000000e+00 2.500000000000000000e-01 8.616625378595685336e-04 7.034953561875046746e-04 1.019829719531632501e-03
9.625000000000000000e+00 2.500000000000000000e-01 8.766915356129331011e-04 7.130784962892220856e-04 1.040304574936644225e-03
9.875000000000000000e+00 2.500000000000000000e-01 9.768848539686968840e-04 7.907743461402996386e-04 1.162995361797094021e-03
1.012500000000000000e+01 2.500000000000000000e-01 9.618558562153323166e-04 7.704923181234098932e-04 1.153219394307254848e-03
1.037500000000000000e+01 2.500000000000000000e-01 1.006942849475363569e-03 7.953946450184627356e-04 1.218491053932264402e-03
1.062500000000000000e+01 2.500000000000000000e-01 1.087097504159660610e-03 8.422947887427714503e-04 1.331900219576549662e-03
1.087500000000000000e+01 2.500000000000000000e-01 8.015465468458327081e-04 6.016348903712259461e-04 1.001458203320439470e-03
1.112500000000000000e+01 2.500000000000000000e-01 4.959569258608589881e-04 3.558190998465977353e-04 6.360947518751202409e-04
1.137500000000000000e+01 2.500000000000000000e-01 1.402706456980207239e-04 9.077179417256373277e-05 1.897694972234777286e-04
1.162500000000000000e+01 2.500000000000000000e-01 5.510632509565099868e-05 3.010447033968366529e-05 8.010817985161833884e-05
