9.150362696240982530e+00 1.992746075180349408e-01 3.322153373750195721e-03 2.904710538399930125e-03 3.739596209100461317e-03
9.375000000000000000e+00 2.500000000000000000e-01 3.276306255853852524e-03 2.850552317953254124e-03 3.702060193754450924e-03
9.625000000000000000e+00 2.500000000000000000e-01 2.291410844535117855e-03 1.972620935467692474e-03 2.610200753602543236e-03
9.875000000000000000e+00 2.500000000000000000e-01 1.489469773539560740e-03 1.259483308456797257e-03 1.719456238622324223e-03
1.012500000000000000e+01 2.500000000000000000e-01 9.490426875650298522e-04 7.804634982959868413e-04 1.117621876834072863e-03
1.037500000000000000e+01 2.500000000000000000e-01 7.012370969230498352e-04 5.537404774807588642e-04 8.487337163653408062e-04
1.062500000000000000e+01 2.500000000000000000e-01 4.476318009681724136e-04 3.335445107124808948e-04 5.617190912238638782e-04
1.087500000000000000e+01 2.500000000000000000e-01 2.456966068918355062e-04 1.687055775698172817e-04 3.226876362138537306e-04
1.112500000000000000e+01 2.500000000000000000e-01 1.128306306327313269e-04 6.899049200327426448e-05 1.566707692621883757e-04
1.137500000000000000e+01 2.500000000000000000e-01 3.690721562752893870e-05 1.893336145345494531e-05 5.488106980160293208e-05
1.162500000000000000e+01 2.500000000000000000e-01 8.963180938114170826e-06 3.323250410191459424e-06 1.460311146603688307e-05
1.187500000000000000e+01 2.500000000000000000e-01 1.054491875072255391e-06 -2.045622553475093494e-09 2.111029372697985664e-06
