9.158052470103157816e+00 1.838950597936825915e-01 3.599992356572966241e-03 3.147215451982634561e-03 4.052769261163297922e-03
9.375000000000000000e+00 2.500000000000000000e-01 3.276306255853852524e-03 2.850552317953254124e-03 3.702060193754450924e-03
9.625000000000000000e+00 2.500000000000000000e-01 2.289301860784973344e-03 1.970803617649023211e-03 2.607800103920923478e-03
9.875000000000000000e+00 2.500000000000000000e-01 1.482615576351591080e-03 1.253679599545883807e-03 1.711551553157298353e-03
1.012500000000000000e+01 2.500000000000000000e-01 9.179351772503983181e-04 7.548330007303268247e-04 1.081037353770469703e-03
1.037500000000000000e+01 2.500000000000000000e-01 6.363858466061061286e-04 5.024140324769396128e-04 7.703576607352726445e-04
1.062500000000000000e+01 2.500000000000000000e-01 3.659086806500726208e-04 2.724613997636948499e-04 4.593559615364503916e-04
1.087500000000000000e+01 2.500000000000000000e-01 1.882267997003975873e-04 1.290479480034413724e-04 2.474056513973538294e-04
1.112500000000000000e+01 2.500000000000000000e-01 8.910456344360558056e-05 5.434076686347381630e-05 1.238683600237373448e-04
1.137500000000000000e+01 2.500000000000000000e-01 2.952577250202315096e-05 1.503882988467872527e-05 4.401271511936757664e-05
1.162500000000000000e+01 2.500000000000000000e-01 8.435935000578043130e-06 3.103177383183256433e-06 1.376869261797282983e-05
1.187500000000000000e+01 2.500000000000000000e-01 5.272459375361276956e-07 -1.193312119957839991e-07 1.173823087068039285e-06
