8.132217350275972478e+00 2.355652994480550433e-01 1.960841708388801063e-02 1.648334134997277850e-02 2.273349281780324277e-02
8.375000000000000000e+00 2.500000000000000000e-01 1.796967164710001549e-02 1.505878878885810040e-02 2.088055450534193058e-02
8.625000000000000000e+00 2.500000000000000000e-01 1.438776051588269711e-02 1.203223403448101456e-02 1.674328699728437966e-02
8.875000000000000000e+00 2.500000000000000000e-01 1.160238626559342845e-02 9.688135762889415331e-03 1.351663676829744157e-02
9.125000000000000000e+00 2.500000000000000000e-01 8.847070010823049335e-03 7.373203983180707036e-03 1.032093603846539163e-02
9.375000000000000000e+00 2.500000000000000000e-01 6.457459368035683989e-03 5.364329774918917375e-03 7.550588961152450602e-03
9.625000000000000000e+00 2.500000000000000000e-01 4.839337276588417946e-03 3.999046499257780107e-03 5.679628053919055786e-03
9.875000000000000000e+00 2.500000000000000000e-01 3.501756476537581930e-03 2.869516325116536898e-03 4.133996627958626963e-03
1.012500000000000000e+01 2.500000000000000000e-01 2.650113270512705066e-03 2.145448712156466931e-03 3.154777828868943201e-03
1.037500000000000000e+01 2.500000000000000000e-01 2.199243337911299667e-03 1.751545162835297948e-03 2.646941512987301386e-03
1.062500000000000000e+01 2.500000000000000000e-01 1.397696791064356736e-03 1.086144718178964040e-03 1.709248863949749432e-03
1.087500000000000000e+01 2.500000000000000000e-01 8.666722037782570442e-04 6.513352762108104736e-04 1.082009131345703723e-03
1.112500000000000000e+01 2.500000000000000000e-01 3.206186187387771724e-04 2.269428707721513755e-04 4.142943667054029694e-04
1.137500000000000000e+01 2.500000000000000000e-01 7.514498876690089979e-05 4.551485084883382412e-05 1.047751266849679755e-04
