9.220913461020458612e+00 5.817307795908277512e-02 1.669906728236887229e-05 1.018339119678551339e-05 2.321474336795223119e-05
9.375000000000000000e+00 2.500000000000000000e-01 1.998382922457352613e-05 1.612265106314359904e-05 2.384500738600345323e-05
9.625000000000000000e+00 2.500000000000000000e-01 2.497978653071694240e-05 2.047902838855225955e-05 2.948054467288162525e-05
9.875000000000000000e+00 2.500000000000000000e-01 7.327404049010302742e-05 6.309392388713518551e-05 8.345415709307086932e-05
1.012500000000000000e+01 2.500000000000000000e-01 1.820748884905561442e-04 1.579757760299976724e-04 2.061740009511146159e-04
1.037500000000000000e+01 2.500000000000000000e-01 3.041982893073826738e-04 2.601135028806386825e-04 3.482830757341266650e-04
1.062500000000000000e+01 2.500000000000000000e-01 3.197412675931612935e-04 2.655950120704137678e-04 3.738875231159088193e-04
1.087500000000000000e+01 2.500000000000000000e-01 2.353650997561134925e-04 1.872594742335098605e-04 2.834707252787171516e-04
1.112500000000000000e+01 2.500000000000000000e-01 9.658850791878633921e-05 7.200685219347445335e-05 1.211701636440982251e-04
1.137500000000000000e+01 2.500000000000000000e-01 3.608191387770754051e-05 2.441368503843867229e-05 4.775014271697640872e-05
1.162500000000000000e+01 2.500000000000000000e-01 3.885744571445427439e-06 1.838849599648967957e-06 5.932639543241886922e-06
