8.680653251764191225e+00 1.386934964716157737e-01 8.906751467367034908e-03 7.974284427052258026e-03 9.839218507681811790e-03
8.875000000000000000e+00 2.500000000000000000e-01 8.488791219543947997e-03 7.603689987805042905e-03 9.373892451282853089e-03
9.125000000000000000e+00 2.500000000000000000e-01 7.293152984577014331e-03 6.534300052997141228e-03 8.052005916156887433e-03
9.375000000000000000e+00 2.500000000000000000e-01 5.874083358065069344e-03 5.258766101799422846e-03 6.489400614330715841e-03
9.625000000000000000e+00 2.500000000000000000e-01 4.686453416684163015e-03 4.182748974656324420e-03 5.190157858712001610e-03
9.875000000000000000e+00 2.500000000000000000e-01 3.483607717446809970e-03 3.088461773632749253e-03 3.878753661260870688e-03
1.012500000000000000e+01 2.500000000000000000e-01 2.845346717261727776e-03 2.493754956076636633e-03 3.196938478446818919e-03
1.037500000000000000e+01 2.500000000000000000e-01 2.311193533919883580e-03 1.989696809938908476e-03 2.632690257900858685e-03
1.062500000000000000e+01 2.500000000000000000e-01 1.811476013072341185e-03 1.519436426629643816e-03 2.103515599515038553e-03
1.087500000000000000e+01 2.500000000000000000e-01 1.235679702993201790e-03 9.993912589608771289e-04 1.471968147025526450e-03
1.112500000000000000e+01 2.500000000000000000e-01 5.830037743221327950e-04 4.483169202497234648e-04 7.176906283945421253e-04
1.137500000000000000e+01 2.500000000000000000e-01 1.986056813624847983e-04 1.422599673563338112e-04 2.549513953686357855e-04
1.162500000000000000e+01 2.500000000000000000e-01 3.843980929596479967e-05 2.437946494592323828e-05 5.250015364600636107e-05
1.187500000000000000e+01 2.500000000000000000e-01 1.601658720665199986e-06 2.941728970445009075e-07 2.909144544285899065e-06
