9.125000000000000000e+00 2.500000000000000000e-01 1.305351857345190289e-04 1.135899404269360584e-04 1.474804310421019859e-04
9.375000000000000000e+00 2.500000000000000000e-01 1.017053287624777207e-04 8.779343156698376008e-05 1.156172259579716814e-04
9.625000000000000000e+00 2.500000000000000000e-01 1.257302095725159751e-04 1.089789540363404464e-04 1.424814651086915172e-04
9.875000000000000000e+00 2.500000000000000000e-01 2.186264153713111621e-04 1.907144875438267391e-04 2.465383431987955851e-04
1.012500000000000000e+01 2.500000000000000000e-01 3.723856525555160587e-04 3.236358922470559301e-04 4.211354128639761872e-04
1.037500000000000000e+01 2.500000000000000000e-01 5.221407429381250132e-04 4.473137296804124649e-04 5.969677561958375072e-04
1.062500000000000000e+01 2.500000000000000000e-01 5.781987981615176013e-04 4.833078089692517611e-04 6.730897873537834957e-04
1.087500000000000000e+01 2.500000000000000000e-01 4.724893225972574828e-04 3.808550599579152451e-04 5.641235852365996664e-04
1.112500000000000000e+01 2.500000000000000000e-01 2.258338796142823901e-04 1.726099743232030644e-04 2.790577849053617158e-04
1.137500000000000000e+01 2.500000000000000000e-01 5.685888458373776488e-05 3.974997136744316145e-05 7.396779780003236832e-05
1.162500000000000000e+01 2.500000000000000000e-01 1.281326976534935547e-05 7.446077875705323544e-06 1.818046165499338654e-05
