8.968088151141024866e+00 6.382369771795204372e-02 3.739759469673125530e-03 3.329801379653786995e-03 4.149717559692464065e-03
9.125000000000000000e+00 2.500000000000000000e-01 3.680832468211455918e-03 3.281950855132663523e-03 4.079714081290247880e-03
9.375000000000000000e+00 2.500000000000000000e-01 2.995319626025901016e-03 2.662934111747732643e-03 3.327705140304069390e-03
9.625000000000000000e+00 2.500000000000000000e-01 2.082510446495336454e-03 1.839076828711150519e-03 2.325944064279522171e-03
9.875000000000000000e+00 2.500000000000000000e-01 1.389217661350149874e-03 1.211853776495911772e-03 1.566581546204387975e-03
1.012500000000000000e+01 2.500000000000000000e-01 9.844020563564911952e-04 8.419427907234613550e-04 1.126861321989521035e-03
1.037500000000000000e+01 2.500000000000000000e-01 6.911871122973652082e-04 5.739122520773341481e-04 8.084619725173962683e-04
1.062500000000000000e+01 2.500000000000000000e-01 5.322088122868516569e-04 4.237149724783506165e-04 6.407026520953526972e-04
1.087500000000000000e+01 2.500000000000000000e-01 3.216415275047145028e-04 2.413164917332793580e-04 4.019665632761496477e-04
1.112500000000000000e+01 2.500000000000000000e-01 1.495027721953173794e-04 1.031895422802697651e-04 1.958160021103649937e-04
1.137500000000000000e+01 2.500000000000000000e-01 4.316629338033811658e-05 2.625794558129872295e-05 6.007464117937751021e-05
1.162500000000000000e+01 2.500000000000000000e-01 6.843436755419457507e-06 3.148108372320193556e-06 1.053876513851872230e-05
1.187500000000000000e+01 2.500000000000000000e-01 1.052836423910685770e-06 9.785747179990227578e-08 2.007815376021469265e-06
