8.471563698342137627e+00 5.687260331572296934e-02 1.186169887348755350e-02 1.038678629215242927e-02 1.333661145482267774e-02
8.625000000000000000e+00 2.500000000000000000e-01 1.121711481552010309e-02 9.832902109977063182e-03 1.260132752106314299e-02
8.875000000000000000e+00 2.500000000000000000e-01 1.005472659049710948e-02 8.812633692348578046e-03 1.129681948864564092e-02
9.125000000000000000e+00 2.500000000000000000e-01 8.277389729873844970e-03 7.255170440949683906e-03 9.299609018798006901e-03
9.375000000000000000e+00 2.500000000000000000e-01 6.762350084658572125e-03 5.921702218207124287e-03 7.602997951110019963e-03
9.625000000000000000e+00 2.500000000000000000e-01 5.338841238554686841e-03 4.660429929927751777e-03 6.017252547181621905e-03
9.875000000000000000e+00 2.500000000000000000e-01 4.325171791521018050e-03 3.750928977872795052e-03 4.899414605169241481e-03
1.012500000000000000e+01 2.500000000000000000e-01 3.599756055166734858e-03 3.087024326031576581e-03 4.112487784301893136e-03
1.037500000000000000e+01 2.500000000000000000e-01 3.057401917063815033e-03 2.577020648748801386e-03 3.537783185378828681e-03
1.062500000000000000e+01 2.500000000000000000e-01 2.624338285379619606e-03 2.157495489191257974e-03 3.091181081567981239e-03
1.087500000000000000e+01 2.500000000000000000e-01 1.879796710402059645e-03 1.492347363594958816e-03 2.267246057209160691e-03
1.112500000000000000e+01 2.500000000000000000e-01 8.797885766707314037e-04 6.653634083597176558e-04 1.094213744981745260e-03
1.137500000000000000e+01 2.500000000000000000e-01 2.964504986599572622e-04 2.093081968119581788e-04 3.835928005079563457e-04
1.162500000000000000e+01 2.500000000000000000e-01 5.737751586953887539e-05 3.585633345241778786e-05 7.889869828665995615e-05
1.187500000000000000e+01 2.500000000000000000e-01 6.830656651135580404e-06 2.690234797118657464e-06 1.097107850515250334e-05
1.212500000000000000e+01 2.500000000000000000e-01 1.366131330227116081e-06 -1.545698014604564339e-07 2.886832461914688807e-06
