8.177983417849008063e+00 1.440331643019838737e-01 2.295031160090208258e-02 1.926932834772834488e-02 2.663129485407582028e-02
8.375000000000000000e+00 2.500000000000000000e-01 2.035670270828258965e-02 1.706105690613928319e-02 2.365234851042589612e-02
8.625000000000000000e+00 2.500000000000000000e-01 1.586060229571191471e-02 1.326551268570416720e-02 1.845569190571966223e-02
8.875000000000000000e+00 2.500000000000000000e-01 1.288987040647842502e-02 1.076488627962991773e-02 1.501485453332693232e-02
9.125000000000000000e+00 2.500000000000000000e-01 9.879061189888571626e-03 8.235026747857239135e-03 1.152309563191990412e-02
9.375000000000000000e+00 2.500000000000000000e-01 7.319121905896147640e-03 6.082104645238712790e-03 8.556139166553582490e-03
9.625000000000000000e+00 2.500000000000000000e-01 5.716028812202261777e-03 4.726128234802939691e-03 6.705929389601583863e-03
9.875000000000000000e+00 2.500000000000000000e-01 4.478641330507293628e-03 3.673904737224388713e-03 5.283377923790198542e-03
1.012500000000000000e+01 2.500000000000000000e-01 3.611969126729036583e-03 2.928927814145309769e-03 4.295010439312763398e-03
1.037500000000000000e+01 2.500000000000000000e-01 3.206186187387771724e-03 2.559163762293862297e-03 3.853208612481681151e-03
1.062500000000000000e+01 2.500000000000000000e-01 2.484794295225523086e-03 1.939734117677747137e-03 3.029854472773299036e-03
1.087500000000000000e+01 2.500000000000000000e-01 1.668218750625199975e-03 1.263157290974265077e-03 2.073280210276134874e-03
1.112500000000000000e+01 2.500000000000000000e-01 8.165755446003231111e-04 5.916473200333429751e-04 1.041503769167303247e-03
1.137500000000000000e+01 2.500000000000000000e-01 2.154156344651159127e-04 1.433023566629091044e-04 2.875289122673227210e-04
1.162500000000000000e+01 2.500000000000000000e-01 5.510632509572732651e-05 3.010447033974065367e-05 8.010817985171399258e-05
