8.375000000000000000e+00 2.500000000000000000e-01 1.437647065872343748e-02 1.245258228689069546e-02 1.630035903055617949e-02
8.625000000000000000e+00 2.500000000000000000e-01 1.237278747407639240e-02 1.069976360434904405e-02 1.404581134380374074e-02
8.875000000000000000e+00 2.500000000000000000e-01 9.960156258533997553e-03 8.608090072872569623e-03 1.131222244419542548e-02
9.125000000000000000e+00 2.500000000000000000e-01 8.146007204981597916e-03 7.036320240241552768e-03 9.255694169721643064e-03
9.375000000000000000e+00 2.500000000000000000e-01 6.190549863173515355e-03 5.338676188979365675e-03 7.042423537367665035e-03
9.625000000000000000e+00 2.500000000000000000e-01 4.781623106801698164e-03 4.108903012351851868e-03 5.454343201251544461e-03
9.875000000000000000e+00 2.500000000000000000e-01 3.435038242304740141e-03 2.931860129634462128e-03 3.938216354975018589e-03
1.012500000000000000e+01 2.500000000000000000e-01 2.547705314618529948e-03 2.151040657811173051e-03 2.944369971425886846e-03
1.037500000000000000e+01 2.500000000000000000e-01 1.965847657113994895e-03 1.633422610545851115e-03 2.298272703682138676e-03
1.062500000000000000e+01 2.500000000000000000e-01 1.460878332929321788e-03 1.186568604139278359e-03 1.735188061719365217e-03
1.087500000000000000e+01 2.500000000000000000e-01 8.353813511203234121e-04 6.567680183459004934e-04 1.013994683894746222e-03
1.112500000000000000e+01 2.500000000000000000e-01 3.220997746856968380e-04 2.409743071662685766e-04 4.032252422051250994e-04
1.137500000000000000e+01 2.500000000000000000e-01 7.481027024958120109e-05 5.061244362224945901e-05 9.900809687691294316e-05
1.162500000000000000e+01 2.500000000000000000e-01 8.312252249953466787e-06 3.358610514372235552e-06 1.326589398553469802e-05
