8.891901659068683017e+00 2.161966818626339659e-01 5.560861740319307869e-03 5.020137922708586657e-03 6.101585557930029081e-03
9.125000000000000000e+00 2.500000000000000000e-01 4.838307097817915250e-03 4.367797406023166129e-03 5.308816789612664372e-03
9.375000000000000000e+00 2.500000000000000000e-01 3.710886065734731940e-03 3.345332759174201274e-03 4.076439372295262605e-03
9.625000000000000000e+00 2.500000000000000000e-01 2.725572263686989669e-03 2.447018824564571159e-03 3.004125702809408178e-03
9.875000000000000000e+00 2.500000000000000000e-01 1.952864200331187738e-03 1.738843965857080412e-03 2.166884434805295065e-03
1.012500000000000000e+01 2.500000000000000000e-01 1.627016762697757607e-03 1.429007387717875967e-03 1.825026137677639246e-03
1.037500000000000000e+01 2.500000000000000000e-01 1.463815490697368410e-03 1.259108545597083456e-03 1.668522435797653363e-03
1.062500000000000000e+01 2.500000000000000000e-01 1.190148051594674961e-03 9.931158628073669288e-04 1.387180240381982992e-03
1.087500000000000000e+01 2.500000000000000000e-01 8.254431682468664488e-04 6.601727226843083322e-04 9.907136138094245655e-04
1.112500000000000000e+01 2.500000000000000000e-01 3.585987133069776234e-04 2.703437296214134000e-04 4.468536969925418468e-04
1.137500000000000000e+01 2.500000000000000000e-01 1.204580817145729787e-04 8.356576691079299905e-05 1.573503965183529584e-04
1.162500000000000000e+01 2.500000000000000000e-01 1.665319102044787725e-05 9.828161976500369794e-06 2.347822006439538470e-05
1.187500000000000000e+01 2.500000000000000000e-01 1.110212734696525150e-06 1.802607777339233574e-07 2.040164691659127048e-06
