8.395542197128200712e+00 2.089156057435985758e-01 1.462405415393427076e-02 1.266314888324232904e-02 1.658495942462621248e-02
8.625000000000000000e+00 2.500000000000000000e-01 1.334221803919615618e-02 1.153870931864228212e-02 1.514572675975003023e-02
8.875000000000000000e+00 2.500000000000000000e-01 1.063344869078467619e-02 9.190502251594161870e-03 1.207639512997519052e-02
9.125000000000000000e+00 2.500000000000000000e-01 8.671757159792910230e-03 7.490942469761429842e-03 9.852571849824390618e-03
9.375000000000000000e+00 2.500000000000000000e-01 6.643567610797491974e-03 5.729907455385786601e-03 7.557227766209197346e-03
9.625000000000000000e+00 2.500000000000000000e-01 5.234640854425674783e-03 4.498886334081877297e-03 5.970395374769472269e-03
9.875000000000000000e+00 2.500000000000000000e-01 4.110408737609816399e-03 3.509695875977086616e-03 4.711121599242546615e-03
1.012500000000000000e+01 2.500000000000000000e-01 3.358149908981200582e-03 2.837430406057613042e-03 3.878869411904788123e-03
1.037500000000000000e+01 2.500000000000000000e-01 2.971630179358364376e-03 2.472280782889820124e-03 3.470979575826908629e-03
1.062500000000000000e+01 2.500000000000000000e-01 2.387694458799133335e-03 1.942880533803629682e-03 2.832508383794637204e-03
1.087500000000000000e+01 2.500000000000000000e-01 1.581405990553647056e-03 1.247652728187965791e-03 1.915159252919328321e-03
1.112500000000000000e+01 2.500000000000000000e-01 7.834297745581142447e-04 5.921115003355689656e-04 9.747480487806595238e-04
1.137500000000000000e+01 2.500000000000000000e-01 2.431333783111389035e-04 1.720847551097599588e-04 3.141820015125178483e-04
1.162500000000000000e+01 2.500000000000000000e-01 4.571738737474406733e-05 2.797547733472542888e-05 6.345929741476270239e-05
1.187500000000000000e+01 2.500000000000000000e-01 8.312252249953466787e-06 3.088285267146300972e-06 1.353621923276063176e-05
