9.633851345214180739e+00 2.322973095716385217e-01 2.269703159752478421e-06 1.091992660105082630e-06 3.447413659399874000e-06
9.875000000000000000e+00 2.500000000000000000e-01 6.854197187977718715e-06 4.682259980680948561e-06 9.026134395274488869e-06
1.012500000000000000e+01 2.500000000000000000e-01 3.110751031466805133e-05 2.429601039003300016e-05 3.791901023930309910e-05
1.037500000000000000e+01 2.500000000000000000e-01 6.485125031702011571e-05 5.011700022789183066e-05 7.958550040614839399e-05
1.062500000000000000e+01 2.500000000000000000e-01 8.172312031819642234e-05 6.006545115438928695e-05 1.033807894820035645e-04
1.087500000000000000e+01 2.500000000000000000e-01 5.746980719150587120e-05 3.882781114907224006e-05 7.611180323393950233e-05
1.112500000000000000e+01 2.500000000000000000e-01 2.372606718915260741e-05 1.398626287610047827e-05 3.346587150220473825e-05
1.137500000000000000e+01 2.500000000000000000e-01 7.381443125514136096e-06 3.376964872891030879e-06 1.138592137813724216e-05
1.162500000000000000e+01 2.500000000000000000e-01 5.272459375367240068e-07 -8.242703666779185438e-08 1.136918911741239974e-06
1.187500000000000000e+01 2.500000000000000000e-01 5.272459375367240068e-07 -1.193312119954326922e-07 1.173823087068880812e-06
