# stellar mass function at 0.2<z<4 from Muzzin etal 2013, ApJ 777, 18
# 1/Vmax Method; stellar mass function; ALL, QUIESCENT, and STAR-FORMING galaxies (Fig.6)
# data obtained from authors by Michelle Furlong
# 
# use UltraVISTA DR1 data release, 96,000 gals with K_AB<23.4 in COSMOS field
# photom from GALEX, CFHT/Subaru, Spitzer IRAC
# photo-z's from EAZY
# stellar masses from FAST using BC03 SPS, exp SFR histories, solar metallicity, Calzetti extinction
# assume Kroupa (2001) IMF (they assume M(Kroupa) = M(Chabier) + 0.04dex)
#
# Ho=70., Omega_lambda=0.7, Omega_matter=0.3
#
# [Phi] = number / Mpc^3 / dex
# EU_logPhi,EL_logPhi = upper and lower 1-sigma total random error of logPhi, 
# including Poisson error, cosmic variance, and uncertainties from photometric 
# redshift errors.
#
# A = all galaxies, Q = quiescent galaxies, SF = star-forming galaxies
#
#                       A	 A        A	   Q	    Q	     Q	     SF	       SF       SF
#  zlow zup Mstar    E_Mstar  logPhi    EU_Phi   EL_Phi	logPhi    EU_Phi   EL_Phi  logPhi    EU_Phi   EL_Phi
#
# 0.2<z<0.5
 0.2 0.5  11.992    0.050   -4.703    0.386    0.466   -4.703    0.386    0.466   -99       -99      -99
 0.2 0.5  11.893    0.050   -5.004    0.574    0.782   -5.004    0.574    0.782   -99       -99      -99
 0.2 0.5  11.794    0.050   -4.527    0.315    0.384   -4.527    0.315    0.384   -99       -99      -99
 0.2 0.5  11.695    0.050   -4.226    0.229    0.273   -4.226    0.229    0.273   -99       -99      -99
 0.2 0.5  11.595    0.050   -4.226    0.339    0.249   -4.226    0.335    0.247   -99       -99      -99
 0.2 0.5  11.496    0.050   -3.606    0.140    0.135   -3.642    0.146    0.139   -4.703    0.413    0.457
 0.2 0.5  11.397    0.050   -3.279    0.108    0.126   -3.305    0.108    0.125   -4.527    0.346    0.497
 0.2 0.5  11.298    0.050   -3.069    0.097    0.095   -3.129    0.094    0.098   -3.962    0.185    0.221
 0.2 0.5  11.198    0.050   -3.049    0.102    0.091   -3.095    0.098    0.093   -4.049    0.264    0.210
 0.2 0.5  11.099    0.050   -2.839    0.081    0.080   -2.914    0.089    0.083   -3.642    0.129    0.132
 0.2 0.5  11.000    0.050   -2.716    0.075    0.074   -2.833    0.076    0.077   -3.341    0.099    0.096
 0.2 0.5  10.901    0.050   -2.616    0.070    0.071   -2.753    0.072    0.075   -3.184    0.093    0.087
 0.2 0.5  10.801    0.050   -2.560    0.071    0.067   -2.761    0.079    0.073   -2.991    0.079    0.077
 0.2 0.5  10.702    0.050   -2.466    0.069    0.064   -2.677    0.075    0.067   -2.880    0.075    0.071
 0.2 0.5  10.603    0.050   -2.392    0.062    0.062   -2.692    0.068    0.069   -2.694    0.066    0.068
 0.2 0.5  10.504    0.050   -2.388    0.062    0.061   -2.725    0.068    0.066   -2.655    0.066    0.065
 0.2 0.5  10.404    0.050   -2.341    0.061    0.059   -2.730    0.070    0.068   -2.569    0.065    0.063
 0.2 0.5  10.305    0.050   -2.357    0.062    0.059   -2.802    0.074    0.069   -2.550    0.064    0.062
 0.2 0.5  10.206    0.050   -2.321    0.060    0.057   -2.800    0.067    0.068   -2.496    0.065    0.061
 0.2 0.5  10.107    0.050   -2.319    0.059    0.056   -2.848    0.072    0.067   -2.471    0.061    0.058
 0.2 0.5  10.008    0.050   -2.282    0.060    0.055   -2.928    0.096    0.069   -2.393    0.057    0.056
 0.2 0.5   9.908    0.050   -2.208    0.055    0.055   -2.792    0.064    0.083   -2.339    0.056    0.056
 0.2 0.5   9.809    0.050   -2.211    0.056    0.053   -2.914    0.082    0.075   -2.307    0.055    0.054
 0.2 0.5   9.710    0.050   -2.220    0.053    0.053   -2.910    0.065    0.078   -2.319    0.054    0.054
 0.2 0.5   9.611    0.050   -2.170    0.056    0.053   -2.917    0.073    0.079   -2.256    0.057    0.053
 0.2 0.5   9.511    0.050   -2.111    0.052    0.052   -2.910    0.069    0.076   -2.185    0.055    0.052
 0.2 0.5   9.412    0.050   -2.101    0.056    0.053   -2.995    0.080    0.071   -2.160    0.055    0.053
 0.2 0.5   9.313    0.050   -2.039    0.056    0.052   -2.939    0.078    0.079   -2.097    0.055    0.052
 0.2 0.5   9.214    0.050   -1.978    0.051    0.051   -2.867    0.066    0.070   -2.038    0.052    0.051
 0.2 0.5   9.114    0.050   -1.942    0.051    0.050   -2.839    0.063    0.065   -2.001    0.051    0.051
 0.2 0.5   9.015    0.050   -1.894    0.050    0.050   -2.701    0.059    0.084   -1.968    0.054    0.051
 0.2 0.5   8.916    0.050   -1.860    0.050    0.049   -2.725    0.065    0.071   -1.924    0.050    0.050
 0.2 0.5   8.817    0.050   -1.832    0.049    0.050   -2.707    0.065    0.085   -1.894    0.051    0.050
 0.2 0.5   8.717    0.050   -1.747    0.050    0.052   -2.563    0.065    0.103   -1.819    0.050    0.051
 0.2 0.5   8.618    0.050   -1.708    0.051    0.052   -2.494    0.080    0.116   -1.785    0.052    0.052
 0.2 0.5   8.519    0.050   -1.702    0.055    0.056   -2.615    0.091    0.105   -1.758    0.056    0.056
 0.2 0.5   8.420    0.050   -1.599    0.079    0.090   -2.446    0.171    0.213   -1.665    0.089    0.096
# 0.5<z<1.0
 0.5 1.0  11.703    0.049   -4.593    0.183    0.177   -4.593    0.183    0.178   -99       -99      -99
 0.5 1.0  11.605    0.049   -4.195    0.123    0.127   -4.195    0.113    0.127   -99       -99      -99
 0.5 1.0  11.508    0.049   -3.974    0.095    0.091   -3.991    0.100    0.091   -5.371    0.450    0.509
 0.5 1.0  11.410    0.049   -3.704    0.094    0.076   -3.753    0.100    0.079   -4.672    0.176    0.185
 0.5 1.0  11.312    0.049   -3.439    0.066    0.061   -3.508    0.065    0.065   -4.275    0.138    0.124
 0.5 1.0  11.214    0.049   -3.221    0.060    0.054   -3.330    0.062    0.056   -3.873    0.079    0.074
 0.5 1.0  11.117    0.049   -3.015    0.050    0.049   -3.140    0.051    0.051   -3.619    0.065    0.064
 0.5 1.0  11.019    0.049   -2.910    0.047    0.043   -3.108    0.055    0.047   -3.346    0.054    0.053
 0.5 1.0  10.921    0.049   -2.748    0.041    0.040   -2.969    0.044    0.043   -3.147    0.047    0.046
 0.5 1.0  10.824    0.049   -2.631    0.039    0.040   -2.886    0.041    0.044   -2.984    0.044    0.041
 0.5 1.0  10.726    0.049   -2.549    0.039    0.036   -2.864    0.044    0.042   -2.837    0.041    0.039
 0.5 1.0  10.628    0.049   -2.500    0.036    0.035   -2.846    0.037    0.038   -2.760    0.039    0.037
 0.5 1.0  10.530    0.049   -2.514    0.035    0.034   -2.899    0.039    0.037   -2.745    0.037    0.035
 0.5 1.0  10.433    0.049   -2.417    0.033    0.033   -2.860    0.037    0.037   -2.612    0.034    0.033
 0.5 1.0  10.335    0.049   -2.402    0.033    0.033   -2.914    0.041    0.039   -2.561    0.033    0.033
 0.5 1.0  10.237    0.049   -2.367    0.032    0.032   -2.897    0.035    0.045   -2.519    0.033    0.034
 0.5 1.0  10.139    0.049   -2.419    0.033    0.031   -3.037    0.037    0.041   -2.539    0.035    0.032
 0.5 1.0  10.042    0.049   -2.348    0.032    0.030   -3.043    0.039    0.038   -2.446    0.033    0.031
 0.5 1.0   9.944    0.049   -2.307    0.030    0.030   -3.066    0.040    0.060   -2.390    0.031    0.030
 0.5 1.0   9.846    0.049   -2.272    0.030    0.029   -3.212    0.054    0.044   -2.325    0.029    0.030
 0.5 1.0   9.748    0.049   -2.234    0.029    0.031   -3.222    0.042    0.047   -2.281    0.029    0.030
 0.5 1.0   9.651    0.049   -2.260    0.029    0.029   -3.316    0.045    0.050   -2.300    0.030    0.030
 0.5 1.0   9.553    0.049   -2.201    0.030    0.029   -3.376    0.057    0.052   -2.231    0.030    0.029
 0.5 1.0   9.455    0.049   -2.151    0.029    0.030   -3.271    0.043    0.097   -2.185    0.029    0.029
 0.5 1.0   9.358    0.049   -2.129    0.028    0.029   -3.289    0.047    0.075   -2.160    0.028    0.029
 0.5 1.0   9.260    0.049   -2.144    0.029    0.036   -3.326    0.053    0.112   -2.173    0.029    0.035
 0.5 1.0   9.162    0.049   -2.090    0.031    0.034   -3.255    0.061    0.113   -2.121    0.030    0.033
 0.5 1.0   9.064    0.049   -2.068    0.030    0.031   -3.320    0.090    0.091   -2.092    0.030    0.031
 0.5 1.0   8.967    0.049   -2.075    0.040    0.036   -3.264    0.109    0.131   -2.104    0.042    0.037
# 1.0<z<1.5
 1.0 1.5  11.793    0.049   -5.881    0.629    0.827   -5.881    0.566    0.789   -99       -99      -99
 1.0 1.5  11.694    0.049   -5.182    0.305    0.346   -5.279    0.336    0.333   -5.881    0.522    0.769
 1.0 1.5  11.596    0.049   -4.650    0.165    0.193   -4.677    0.170    0.201   -5.881    0.621    0.806
 1.0 1.5  11.498    0.049   -4.434    0.146    0.118   -4.538    0.167    0.135   -5.103    0.233    0.252
 1.0 1.5  11.399    0.049   -4.000    0.077    0.086   -4.068    0.083    0.090   -4.839    0.165    0.177
 1.0 1.5  11.301    0.049   -3.828    0.078    0.069   -3.946    0.094    0.074   -4.449    0.115    0.119
 1.0 1.5  11.202    0.049   -3.466    0.054    0.055   -3.616    0.059    0.061   -4.000    0.080    0.072
 1.0 1.5  11.104    0.049   -3.249    0.050    0.049   -3.424    0.054    0.050   -3.728    0.063    0.075
 1.0 1.5  11.005    0.049   -3.082    0.041    0.043   -3.290    0.045    0.044   -3.502    0.050    0.050
 1.0 1.5  10.907    0.049   -2.962    0.038    0.039   -3.240    0.046    0.042   -3.286    0.044    0.052
 1.0 1.5  10.809    0.049   -2.852    0.036    0.036   -3.145    0.040    0.042   -3.161    0.039    0.039
 1.0 1.5  10.710    0.049   -2.800    0.034    0.039   -3.148    0.037    0.040   -3.059    0.038    0.046
 1.0 1.5  10.612    0.049   -2.703    0.034    0.035   -3.086    0.036    0.040   -2.934    0.037    0.039
 1.0 1.5  10.513    0.049   -2.680    0.031    0.031   -3.124    0.036    0.037   -2.874    0.033    0.032
 1.0 1.5  10.415    0.049   -2.648    0.029    0.031   -3.156    0.039    0.040   -2.810    0.031    0.032
 1.0 1.5  10.317    0.049   -2.637    0.029    0.031   -3.179    0.039    0.052   -2.783    0.030    0.030
 1.0 1.5  10.218    0.049   -2.602    0.029    0.032   -3.259    0.039    0.044   -2.710    0.030    0.031
 1.0 1.5  10.120    0.049   -2.621    0.028    0.029   -3.357    0.042    0.042   -2.709    0.029    0.029
 1.0 1.5  10.021    0.049   -2.540    0.026    0.028   -3.345    0.044    0.070   -2.614    0.027    0.028
 1.0 1.5   9.923    0.049   -2.505    0.027    0.026   -3.435    0.046    0.046   -2.559    0.027    0.027
 1.0 1.5   9.824    0.049   -2.457    0.028    0.029   -3.442    0.054    0.066   -2.505    0.031    0.029
 1.0 1.5   9.726    0.049   -2.378    0.027    0.029   -3.497    0.056    0.073   -2.412    0.028    0.029
 1.0 1.5   9.628    0.049   -2.369    0.031    0.033   -3.555    0.098    0.105   -2.398    0.031    0.034
 1.0 1.5   9.529    0.049   -2.374    0.054    0.052   -3.709    0.218    0.192   -2.394    0.059    0.061
# 1.5<z<2.0
 1.5 2.0  11.624    0.048   -5.470    0.466    0.395   -5.646    0.433    0.493   -5.947    0.733    0.784
 1.5 2.0  11.527    0.048   -4.717    0.159    0.145   -4.906    0.188    0.218   -5.169    0.267    0.249
 1.5 2.0  11.431    0.048   -4.416    0.125    0.115   -4.625    0.155    0.135   -4.833    0.161    0.169
 1.5 2.0  11.334    0.048   -4.078    0.098    0.082   -4.391    0.122    0.104   -4.368    0.111    0.102
 1.5 2.0  11.238    0.048   -3.733    0.064    0.064   -4.003    0.076    0.080   -4.067    0.091    0.077
 1.5 2.0  11.141    0.048   -3.576    0.059    0.057   -3.898    0.068    0.067   -3.858    0.081    0.074
 1.5 2.0  11.044    0.048   -3.314    0.054    0.053   -3.714    0.081    0.061   -3.534    0.060    0.058
 1.5 2.0  10.948    0.048   -3.158    0.044    0.050   -3.513    0.049    0.070   -3.411    0.047    0.049
 1.5 2.0  10.851    0.048   -3.145    0.045    0.048   -3.555    0.052    0.053   -3.359    0.048    0.053
 1.5 2.0  10.755    0.048   -2.984    0.038    0.041   -3.411    0.042    0.046   -3.187    0.040    0.046
 1.5 2.0  10.658    0.048   -2.954    0.036    0.037   -3.450    0.050    0.044   -3.121    0.037    0.038
 1.5 2.0  10.561    0.048   -2.957    0.035    0.040   -3.478    0.043    0.054   -3.113    0.037    0.039
 1.5 2.0  10.465    0.048   -2.901    0.033    0.034   -3.504    0.044    0.048   -3.025    0.035    0.036
 1.5 2.0  10.368    0.048   -2.830    0.032    0.040   -3.526    0.051    0.049   -2.928    0.034    0.049
 1.5 2.0  10.271    0.048   -2.805    0.037    0.056   -3.523    0.051    0.082   -2.897    0.038    0.054
 1.5 2.0  10.175    0.048   -2.713    0.035    0.051   -3.588    0.073    0.078   -2.775    0.036    0.053
# 2.0<z<2.5
 2.0 2.5  11.706    0.046   -5.352    0.377    0.524   -5.954    0.527    0.773   -5.477    0.399    0.490
 2.0 2.5  11.613    0.046   -5.109    0.237    0.291   -5.954    0.567    0.785   -5.176    0.254    0.421
 2.0 2.5  11.520    0.046   -5.255    0.375    0.285   -5.477    0.367    0.401   -5.653    0.627    0.486
 2.0 2.5  11.427    0.046   -4.556    0.142    0.127   -4.954    0.199    0.238   -4.778    0.206    0.163
 2.0 2.5  11.334    0.046   -4.091    0.097    0.134   -4.653    0.146    0.187   -4.230    0.105    0.138
 2.0 2.5  11.241    0.046   -4.014    0.093    0.082   -4.840    0.297    0.173   -4.085    0.091    0.095
 2.0 2.5  11.148    0.046   -3.811    0.072    0.078   -4.435    0.120    0.124   -3.929    0.076    0.083
 2.0 2.5  11.055    0.046   -3.614    0.066    0.066   -4.169    0.089    0.099   -3.755    0.066    0.069
 2.0 2.5  10.961    0.046   -3.549    0.058    0.060   -4.291    0.170    0.087   -3.636    0.064    0.077
 2.0 2.5  10.868    0.046   -3.445    0.062    0.057   -4.056    0.079    0.077   -3.567    0.068    0.066
 2.0 2.5  10.775    0.046   -3.332    0.050    0.049   -3.936    0.078    0.074   -3.456    0.051    0.055
 2.0 2.5  10.682    0.046   -3.298    0.049    0.061   -3.920    0.077    0.079   -3.417    0.051    0.070
 2.0 2.5  10.589    0.046   -3.275    0.057    0.057   -3.884    0.103    0.128   -3.398    0.058    0.060
# 2.5<z<3.0
  2.5 3.0  11.770    0.092   -5.471    0.311    0.353   -6.249    0.534    0.778   -5.550    0.336    0.327
  2.5 3.0  11.586    0.092   -5.045    0.232    0.179   -6.249    0.528    0.861   -5.045    0.204    0.187
  2.5 3.0  11.403    0.092   -4.351    0.110    0.109   -5.103    0.185    0.194   -4.436    0.112    0.116
  2.5 3.0  11.219    0.092   -4.047    0.090    0.088   -4.817    0.201    0.129   -4.128    0.088    0.090
  2.5 3.0  11.036    0.092   -3.806    0.073    0.070   -4.436    0.110    0.096   -3.922    0.076    0.076
  2.5 3.0  10.852    0.092   -3.454    0.063    0.108   -4.086    0.092    0.094   -3.569    0.067    0.138
# 3.0<z<4.0
 3.0 4.0  11.950    0.092   -6.051    0.432    0.395   -99       -99      0.165   -6.051    0.362    0.518
 3.0 4.0  11.767    0.092   -5.829    0.372    0.303   -99       -99      0.295   -5.829    0.294    0.294
 3.0 4.0  11.583    0.092   -5.206    0.195    0.165   -6.227    0.507    0.519   -5.249    0.193    0.194
 3.0 4.0  11.399    0.092   -4.997    0.204    0.140   -5.625    0.290    0.267   -5.113    0.199    0.139
 3.0 4.0  11.216    0.092   -4.856    0.219    0.113   -5.683    0.517    0.221   -4.926    0.169    0.117
 3.0 4.0  11.032    0.092   -4.361    0.126    0.123   -5.234    0.359    0.214   -4.423    0.122    0.139
