#BH masses logMsun)
#f_smbh = 0.08 
5.6664566993713379
5.750908374786377
5.8760852813720703
6.0157718658447266
6.1760611534118652
6.3656864166259766
6.5171012878417969
6.6917233467102051
6.8735837936401367
7.0088887214660645
7.2597846984863281
7.333137035369873
7.4657845497131348
7.4420461654663086
7.6837759017944336
7.8600831031799316
8.0305366516113281
8.1880016326904297
8.3673477172851562
8.5519046783447266
8.8043785095214844
9.0817451477050781
9.3765163421630859
9.6152620315551758
9.7848033905029297
10.272147178649902
10.095136642456055
10.754011154174805
10.783727645874023
0.0
#f_smbh= 0.0008
4.353212833404541
4.3484253883361816
4.4923362731933594
4.5817966461181641
4.6141700744628906
4.7566823959350586
4.8584818840026855
4.9509763717651367
5.0415921211242676
5.1734633445739746
5.2538247108459473
5.2860012054443359
5.3517112731933594
5.5061607360839844
5.6876544952392578
5.8274102210998535
6.0145721435546875
6.1726055145263672
6.354896068572998
6.5395970344543457
6.8027968406677246
7.0643844604492188
7.3047113418579102
7.5231585502624512
7.7877159118652344
7.9534869194030762
8.2460002899169922
8.476104736328125
8.7012100219726562
8.8414630889892578
