#BT fraction
#stable =0
0.055532542454257518
0.060027865845284897
0.053736222763235628
0.057011035741958045
0.078309308394973881
0.10570421573871817
0.13240213946104412
0.15417252277612695
0.16792093285612367
0.17381231756323992
0.17455050071559719
0.17037044568893533
0.1625660554063563
0.15662265070136197
0.15179209572352703
0.1478611172316579
0.15063502730786166
0.15741008507876703
0.17510325125949913
0.20645674756834895
0.26898445226687057
0.35050480502090081
0.43945020753264191
0.54766985813851121
0.63981842462289518
0.71539039200771781
0.76826187147804226
0.78554015617406747
0.79057442678334533
0.75623473559860632
#stable = 0.6
0.06327903876178427
0.073372462106420719
0.078396605768633262
0.08073632358799547
0.094350047606177323
0.10828955703721611
0.12441640715991074
0.14036678516710652
0.1552998422618832
0.16644575501083353
0.17467490628903842
0.18289798654750408
0.19401022435153401
0.22788764008224724
0.29571909941625701
0.44642143397651346
0.64520687686917544
0.77965035801761606
0.85471235768337273
0.90390158258848696
0.93341273666568003
0.95258543780233029
0.96655280741235694
0.97905115938908116
0.98844554314526789
0.99188348083734879
0.9941500339429179
0.99788598955728014
0.99876753081627989
0.99900691787173923
#stable = 0.75
0.109004762767
0.118843202867
0.128428829831
0.123621827644
0.119382930608
0.126412605368
0.139723314054
0.160060272988
0.196985281576
0.251198575018
0.313698545542
0.368120854667
0.455522869252
0.588136410716
0.747654714829
0.862045734556
0.924601038558
0.95909536436
0.972887723444
0.982894321174
0.985123847479
0.985809607106
0.988339881152
0.991703931322
0.997151841683
0.998026994885
0.999542459542
0.999463793169
-1.0
-1.0
#stable =1
0.099890987536273582
0.10573815333603358
0.090334752981873448
0.089652489384174264
0.1097441162555042
0.13748239628244302
0.16833494618981218
0.19788570709989009
0.23051630915889551
0.2655501086526218
0.29877752163892313
0.33238471416538556
0.3739229515614706
0.44308404150057895
0.51861791448848726
0.61078655777583002
0.69836166728845961
0.77127304118381723
0.82167566332808606
0.87470820692855711
0.91503755705341661
0.93579228846021922
0.94811952461931215
0.9593011420503621
0.96289606924948401
0.97334463376900637
0.97326820060358343
0.97745658946734904
0.97301513472114642
0.95345609475110371
