#redshift LBT/Gyr rho_H2 omega_HI
17.0901 13.585 0.499208546091     -11.8248436975
16.7999 13.5795 0.658015230408    -11.6607721499
16.5144 13.5739 0.96617482078     -11.1836656281
16.2334 13.5681 1.20851747776     -10.6658886247
15.9569 13.5622 1.59424908057     -10.3492370526
15.6847 13.5561 1.85140799727     -10.2011109993
15.4171 13.5499 2.02932103166     -10.0992901394
15.1535 13.5435 2.25555186295     -9.75492228002
14.8945 13.5369 2.4557026098      -9.58842027867
14.6394 13.5302 2.61843846337     -9.39142742463
14.3884 13.5234 2.79808171857     -9.19766624124
14.1417 13.5164 2.98297040159     -8.97763642125
13.8987 13.5092 3.14573839933     -8.82429307649
13.6595 13.5018 3.29403888786     -8.66662046335
13.4244 13.4942 3.43531166106     -8.52311403205
13.1929 13.4865 3.57852087065     -8.37492750244
12.9651 13.4785 3.71701044805     -8.22355382189
12.7412 13.4704 3.85640891686     -8.06234951243
12.5206 13.4621 3.98156549258     -7.93402566929
12.3037 13.4535 4.11254745301     -7.79388897822
12.0902 13.4448 4.23963338439     -7.6650290351
11.8801 13.4358 4.35643992175     -7.54201840136
11.6735 13.4267 4.46684447133     -7.41317567617
11.4702 13.4173 4.57422469546     -7.29092888484
11.2701 13.4076 4.67893314344     -7.18265121492
11.0732 13.3977 4.77929855675     -7.07454099508
10.8794 13.3876 4.87605507243     -6.96801891614
10.6889 13.3773 4.96986277786     -6.86180030476
10.5014 13.3667 5.0601467471      -6.76110833837
10.3168 13.3558 5.14589620033     -6.6641824029
10.1352 13.3446 5.23116689041     -6.56791644562
9.9565 13.3332 5.31198852186      -6.4754974903
9.78074 13.3215 5.39028165517     -6.38610065974
9.60783 13.3096 5.46589912763     -6.2991802245
9.43754 13.2973 5.53793062943     -6.21572824745
9.2701 13.2847 5.60717884538      -6.13597537326
9.1053 13.2718 5.67295894909      -6.05853668098
8.94313 13.2586 5.73663797419     -5.98267896058
8.78359 13.2451 5.79823986344     -5.90898297571
8.62668 13.2312 5.85779545709     -5.83632682356
8.47221 13.2171 5.91443794048     -5.76705968519
8.32019 13.2025 5.96849385759     -5.70059191697
8.17069 13.1876 6.02127007735     -5.63600525601
8.02356 13.1724 6.07162967294     -5.57307770605
7.87871 13.1567 6.11958013977     -5.51168931643
7.73629 13.1407 6.16575478028     -5.45166200163
7.59609 13.1243 6.20980986717     -5.39355600128
7.45816 13.1075 6.25235614813     -5.33732311538
7.32244 13.0902 6.29307281821     -5.28223405885
7.18894 13.0726 6.33206555451     -5.22881732362
7.05756 13.0545 6.36944071243     -5.17734403366
6.92827 13.036 6.40568157852      -5.1271794982
6.80104 13.017 6.44051437757      -5.07843956359
6.67589 12.9976 6.47368024127     -5.03143874846
6.5527 12.9777 6.50536943016      -4.98562533651
6.43152 12.9573 6.53597017812     -4.94102238819
6.31229 12.9364 6.56495094111     -4.89769466179
6.19497 12.915 6.59297074285      -4.85568062057
6.0795 12.8931 6.62010882603      -4.81447133304
5.96592 12.8706 6.64626897009     -4.77467967695
5.85415 12.8476 6.67137949168     -4.7356908105
5.74418 12.824 6.69534615743      -4.6983915849
5.63596 12.7999 6.71910150819     -4.66215612462
5.5295 12.7751 6.74178224953      -4.62676559516
5.42471 12.7498 6.76366657752     -4.5922194208
5.32163 12.7238 6.78463429631     -4.55849628431
5.22022 12.6972 6.80526715886     -4.52601716254
5.1204 12.67 6.82511913841        -4.49437346377
5.02221 12.6421 6.84449530421     -4.4632591667
4.92557 12.6135 6.86297851074     -4.43329806304
4.8305 12.5843 6.88117083997      -4.40394323309
4.73694 12.5543 6.89844304325     -4.37557176925
4.6449 12.5236 6.91603177882      -4.3478357257
4.55432 12.4921 6.93242281997     -4.32080908652
4.4652 12.4599 6.94833894655      -4.29482898595
4.37753 12.4269 6.96371547709     -4.26937209842
4.29123 12.3931 6.97888094692     -4.24462906188
4.20633 12.3585 6.99374613661     -4.22040503692
4.12279 12.3231 7.00819109647     -4.19691396639
4.0406 12.2867 7.02234860857      -4.17398272922
3.95973 12.2496 7.03628584209     -4.15162218969
3.88014 12.2115 7.04939929436     -4.13010883732
3.80185 12.1725 7.06179892537     -4.10904800856
3.7248 12.1326 7.07345702718      -4.08869671522
3.64898 12.0917 7.08475837951     -4.06874218599
3.5744 12.0498 7.09558462504      -4.0495579174
3.501 12.0069 7.10681216769       -4.03047587508
3.42878 11.963 7.11745730056      -4.01214332353
3.35772 11.918 7.12728675116      -3.99468006316
3.2878 11.872 7.13671666037       -3.97791021954
3.219 11.8248 7.14581922232       -3.96162389212
3.15131 11.7766 7.15774331037     -3.94222203576
3.0847 11.7272 7.16798711166      -3.92526631572
3.01916 11.6766 7.17778803127     -3.90916292035
2.95466 11.6248 7.1867589287      -3.89327432389
2.89122 11.5718 7.19566794578     -3.87803727526
2.82878 11.5175 7.2040480313      -3.86291449518
2.76734 11.4619 7.21152414296     -3.84841170546
2.7069 11.4051 7.21853772622      -3.83436769008
2.64743 11.3469 7.22497457324     -3.82065865617
2.5889 11.2873 7.23148704712      -3.80733862628
2.53131 11.2264 7.23763613743     -3.79440860693
2.47465 11.164 7.24293742902      -3.78154811446
2.4189 11.1001 7.24782341277      -3.76918442956
2.36405 11.0348 7.25244512607     -3.75731997802
2.31006 10.9679 7.25621370299     -3.74555753742
2.25696 10.8996 7.25997698114     -3.7340978864
2.2047 10.8296 7.26364791908      -3.72294919856
2.15328 10.758 7.26725409531      -3.71192528126
2.10269 10.6848 7.27092200519     -3.70109607624
2.0529 10.6099 7.27362474306      -3.69075281358
2.00391 10.5333 7.27594652736     -3.68050391006
1.95572 10.455 7.27805803287      -3.67056094011
1.9083 10.3749 7.27991628078      -3.66085992545
1.86163 10.293 7.28133508459      -3.65153594196
1.81571 10.2092 7.28306046846     -3.64215591376
1.77054 10.1236 7.28377830608     -3.63316702413
1.72608 10.0361 7.28439306677     -3.62419167686
1.68235 9.94665 7.28550866856     -3.61552074988
1.6393 9.85521 7.28537118554      -3.6070355715
1.59696 9.76179 7.28569146776     -3.59894769781
1.55529 9.66634 7.28675755686     -3.59058699732
1.51429 9.5688 7.28629695167      -3.58276093792
1.47394 9.46917 7.28567114349     -3.57493250185
1.43425 9.36741 7.28352399093     -3.56739996031
1.39519 9.26348 7.28266633264     -3.55997187624
1.35676 9.15736 7.28131351359     -3.55261804432
1.31895 9.04902 7.27814302262     -3.54557385964
1.28174 8.93841 7.27569295718     -3.53883436907
1.24513 8.82551 7.27287913499     -3.53182995596
1.20911 8.71031 7.27137895649     -3.52488470561
1.17366 8.59275 7.26936609609     -3.51814803633
1.13878 8.47282 7.2660080142      -3.51162899522
1.10447 8.3505 7.26291782502      -3.50525971402
1.0707 8.22575 7.25891335711      -3.50137104926
1.03747 8.09856 7.25500311286     -3.49803558765
1.00478 7.9689 7.2514976423       -3.49275023948
0.972616 7.83673 7.24724859756    -3.4893852897
0.940964 7.70205 7.2437209107     -3.48663155778
0.909822 7.56485 7.23948812741    -3.48381668316
0.87918 7.42509 7.23524583972     -3.47942650056
0.849027 7.28275 7.23050187288    -3.47651497311
0.819359 7.13784 7.22608606504    -3.47387421429
0.790167 6.99033 7.22107318561    -3.47139318455
0.761444 6.84021 7.21488685746    -3.46731287151
0.73318 6.68747 7.21039800129     -3.46459949531
0.705373 6.53211 7.20383755206    -3.46222484041
0.67801 6.37412 7.19872379985     -3.45990181054
0.651086 6.21348 7.19278687918    -3.45784339105
0.624592 6.05021 7.18622575172    -3.45577394014
0.598527 5.88431 7.18033553538    -3.45352755289
0.572879 5.71577 7.17449110375    -3.45140443822
0.54764 5.54459 7.16821623934     -3.44963940807
0.522809 5.3708 7.16195679783     -3.44749785511
0.498374 5.19438 7.15623183283    -3.44461997126
0.474333 5.01536 7.14960179393    -3.44250989739
0.450678 4.83376 7.14408228403    -3.44037875324
0.427401 4.64957 7.13697081285    -3.43853444333
0.404498 4.46283 7.13098135148    -3.43658181034
0.381964 4.27355 7.12448318148    -3.43485553482
0.359789 4.08174 7.11772545266    -3.43383761213
0.337972 3.88744 7.11106428196    -3.4324056373
0.316503 3.69066 7.1037910065     -3.43063760772
0.29538 3.49145 7.09856631075     -3.42868054042
0.274595 3.28981 7.09208005242    -3.42694978807
0.254145 3.08581 7.08563198698    -3.42525581387
0.234021 2.87944 7.08012805913    -3.42361125856
0.214221 2.67076 7.0733950247     -3.4221394341
0.194739 2.4598 7.06755788787     -3.42052760709
0.175569 2.24658 7.06230370422    -3.41891439525
0.156707 2.03118 7.05644691557    -3.41729486426
0.138147 1.81359 7.05140107104    -3.41612265213
0.119886 1.59389 7.0474184859     -3.41484076635
0.101917 1.3721 7.03998705244     -3.4134332938
0.0842365 1.14826 7.03554990364   -3.41207170687
0.0668396 0.922425 7.02876636584  -3.41071580668
0.0497222 0.694639 7.02452817062  -3.4094497239
0.0328797 0.464949 7.01978894998  -3.40780628226
0.0163066 0.23338 7.01305509771   -3.40659106068
0.0 9.53674e-07 7.00778937229     -3.40520144492
