#boost_burst=3
#redsshift OmegaHI           H2_Density         SFR_density       SM_density
17.0902      -11.8218301661 0.570430482988 -8.58991879581 -2.12545504057 
16.7999      -11.5738111531 0.842089361317 -8.12763661689 -1.52678821871
16.514299    -11.2820769341 1.1251962666 -7.85114703754 -1.13778557802
16.233299    -10.9960477771 1.41429008584 -7.56324599623 -0.800048378294
15.9568      -10.4769950192 1.7326001644 -7.25572722927 -0.472885254869
15.6847      -10.3136490485 1.97805930951 -6.98464418169 -0.169099432206
15.417       -10.1735817283 2.16420821376 -6.77480743901 0.0945755888622
15.1536      -9.83689842754 2.38652819471 -6.56962100212 0.337280324646
14.8944      -9.67094834315 2.5968336137 -6.35401966708 0.572749897412
14.6394      -9.45532395836 2.77476848194 -6.11330851879 0.814989306217
14.3885      -9.32096309056 2.95408196209 -5.95391330552 1.02781720962
14.1416      -9.12767975571 3.13539898228 -5.78324541362 1.22851040287
13.8986      -8.96909308614 3.30265279512 -5.5961693005 1.42817226759
13.6596      -8.81696851193 3.45732735718 -5.44110422232 1.6156487515
13.4243      -8.66070458644 3.60397609335 -5.29165998802 1.79356805819
13.1929      -8.51110988314 3.75221792277 -5.13140606472 1.96921264104
12.9652      -8.3769583175 3.8977027546 -4.98445738157 2.13884416607
12.7411      -8.21827760524 4.0405722487 -4.8359938123 2.30497659725
12.5206      -8.08458677618 4.17257413681 -4.68857457761 2.4686352337
12.3037      -7.95481073513 4.30421825268 -4.56022128381 2.62462695523
12.0902      -7.81861436436 4.42861841054 -4.42756177081 2.77682947139
11.8802      -7.69961813422 4.54816914866 -4.30153913617 2.92446386086
11.6735      -7.57458423467 4.66277506621 -4.18280794549 3.06685113059
11.4702      -7.44764660126 4.77344404378 -4.06203400464 3.20610747868
11.2701      -7.33739776994 4.87837566606 -3.951149633 3.34063155594
11.0732      -7.22378223913 4.97997211534 -3.84074686695 3.47154738086
10.8795      -7.11684584983 5.07834472804 -3.74038428667 3.59736551348
10.6889      -7.01335163263 5.17318708035 -3.64425866784 3.71836189052
10.5013      -6.90992438357 5.26447783702 -3.54930378279 3.83568144617
10.3168      -6.8151426624 5.35237996514 -3.45889714641 3.94919413981
10.1352      -6.71553284298 5.43690379956 -3.36987513197 4.05952509709
9.9565496    -6.62033346985 5.51843500694 -3.28630291316 4.16629814661
9.7807503    -6.53300330049 5.59694953234 -3.2061515471 4.2695571813
9.6077805    -6.44641543838 5.67212831643 -3.12585086874 4.37019746801
9.4375696    -6.36250638369 5.74398484073 -3.05160030679 4.46767842513
9.2700996    -6.27927806883 5.8126104192 -2.97918443053 4.56221467603
9.10532      -6.20031261793 5.8783934186 -2.91033724047 4.65385166113
8.9431696    -6.12131091299 5.94150458758 -2.84374000241 4.74276817283
8.7836304    -6.04451253654 6.00207044154 -2.77904368902 4.82916421741
8.6266499    -5.97158231007 6.06018965794 -2.71699172534 4.91306333006
8.4721899    -5.89964523462 6.1158728055 -2.65846613857 4.99442448091
8.3202105    -5.8298131177 6.16889237193 -2.60201703084 5.07337461012
8.1706696    -5.76065006393 6.21971255319 -2.54744207025 5.15000689931
8.0235205    -5.69423940141 6.26825407736 -2.49578362348 5.22434970699
7.8787398    -5.6305795036 6.31475289563 -2.44668530725 5.29644359119
7.73628      -5.5678892328 6.35933043731 -2.40016134397 5.36621490742
7.5960999    -5.50736987418 6.40187969778 -2.35346219581 5.43417905774
7.45818      -5.44811502987 6.44252027321 -2.30920698775 5.50024030799
7.3224602    -5.38947865184 6.48154120721 -2.26858298488 5.56422641816
7.18893      -5.33394405624 6.51886417783 -2.22987780541 5.62620395391
7.0575399    -5.27911378218 6.55445994805 -2.19082352689 5.68655048142
6.9282498    -5.2259832972 6.58896210461 -2.15434736649 5.74519899549
6.8010402    -5.1733493166 6.62184173196 -2.12000414471 5.80212638613
6.6758699    -5.12313969563 6.65363408518 -2.08525537826 5.85762086706
6.5527101    -5.07380437783 6.68401089282 -2.05231006503 5.91170805391
6.43153      -5.02578578529 6.71328623505 -2.02011880088 5.9644593032
6.3122902    -4.9795322068 6.74139365566 -1.99004028222 6.01582859201
6.1949601    -4.9340674748 6.76819673482 -1.96072221222 6.06592699641
6.0795202    -4.89003258388 6.79397767255 -1.93348072124 6.11470605146
5.96593      -4.84752245098 6.81884996134 -1.90673477164 6.16225274639
5.8541598    -4.80582170749 6.8428129999 -1.88068315051 6.20867715133
5.7441802    -4.76530899989 6.86551065514 -1.85643756631 6.25392524054
5.6359701    -4.72586388339 6.88782524644 -1.83263048501 6.2981029686
5.5295       -4.68769898933 6.90927813054 -1.80944851266 6.34126527931
5.4247298    -4.65085496131 6.93023672192 -1.7869210149 6.38348972724
5.32164      -4.614428302 6.9501523227 -1.76436522992 6.42485693511
5.2202101    -4.57954363838 6.96959677499 -1.74395370857 6.4652738826
5.12041      -4.54532468809 6.98842742028 -1.72322244017 6.50489059904
5.0222001    -4.51194919958 7.00665388953 -1.70419531134 6.54362146455
4.92558      -4.47949865218 7.02417016558 -1.68540254502 6.58155656868
4.8305001    -4.4479479507 7.04108871459 -1.66728644653 6.61871218062
4.7369499    -4.41714450241 7.0570609907 -1.64965086837 6.65513009746
4.6448998    -4.38734326789 7.07311627413 -1.63306687048 6.6907907516
4.5543299    -4.35835041737 7.08842176983 -1.61659424677 6.72577316217
4.46521      -4.33021896078 7.10288555212 -1.60022797155 6.76012461777
4.3775201    -4.3028601773 7.11699801239 -1.58538205017 6.79378054332
4.2912302    -4.2761965481 7.13081489709 -1.57096412008 6.82679657856
4.2063298    -4.25004747433 7.14417241022 -1.55648225857 6.85921647186
4.1227999    -4.22453702905 7.15677257229 -1.54242021515 6.89106477875
4.0405998    -4.20001237595 7.16897421074 -1.53030333141 6.92225742203
3.9597199    -4.17601190434 7.1806147247 -1.51707825052 6.95292750177
3.8801501    -4.15293432735 7.19139853376 -1.50568615211 6.98299699904
3.8018401    -4.13043586832 7.20173985494 -1.49496372819 7.01246454029
3.7248001    -4.10867548849 7.2115348609 -1.48436260399 7.04138157745
3.6489899    -4.08710412774 7.22073544139 -1.4753467189 7.06969308824
3.5743899    -4.0663055052 7.22950810407 -1.46730912475 7.09737183721
3.5009999    -4.04559676484 7.23817521765 -1.45918236681 7.12449115823
3.4287801    -4.02605760705 7.24646395572 -1.45087789515 7.15109765241
3.3577199    -4.00716314448 7.25434078334 -1.44088978961 7.17732892791
3.2878001    -3.98869921773 7.26172942614 -1.43184667978 7.20315782285
3.2190001    -3.97056083253 7.26909607543 -1.42276779076 7.22861279202
3.1513       -3.950594125 7.27623787877 -1.42114899513 7.25330522458
3.0847001    -3.93263495975 7.28281424963 -1.41496299638 7.27754427069
3.01916      -3.91526476354 7.28910948046 -1.40810616257 7.30139542691
2.95467      -3.89813616521 7.29483478001 -1.40279329401 7.32481101285
2.8912201    -3.88124377566 7.30044398583 -1.39847773114 7.3477556671
2.8287799    -3.8653286585 7.30628916737 -1.39261782976 7.37035064464
2.76735      -3.84944126856 7.31150096948 -1.38666313469 7.39261607816
2.7068999    -3.83418087378 7.31635802421 -1.38163862802 7.4145271265
2.6474199    -3.81940833288 7.32068956392 -1.37828845454 7.43602753941
2.5889001    -3.80485401353 7.32469032786 -1.37484685427 7.45714668792
2.5313101    -3.79071746136 7.32870214583 -1.37119385953 7.47791695274
2.4746499    -3.77676959581 7.33205657427 -1.3680065697 7.49833737828
2.4189       -3.76342254272 7.33504572622 -1.36510264992 7.51841504962
2.3640499    -3.7503168007 7.33781803375 -1.3626922914 7.53814574056
2.31007      -3.73754038141 7.34007365805 -1.36103092121 7.55752449383
2.2569599    -3.72507033059 7.34181944159 -1.35998164488 7.57653616103
2.2047       -3.71298853842 7.34384115304 -1.35906210292 7.59520267911
2.15328      -3.70113787977 7.34495202514 -1.35852518791 7.61352242759
2.10269      -3.68922222826 7.34638195166 -1.35901638998 7.63147574546
2.0529001    -3.67784144703 7.34699298321 -1.3591819573 7.64909819492
2.0039201    -3.66704745984 7.34786444721 -1.36046568308 7.66636178459
1.9557199    -3.65653171789 7.34839243412 -1.35998712482 7.68334943347
1.90829      -3.6459306808 7.34849808297 -1.36135001057 7.70001066797
1.86163      -3.63582694689 7.34789165835 -1.36437932102 7.71629902474
1.81572      -3.62579919101 7.34764003502 -1.36690202636 7.73225344337
1.77054      -3.61626146278 7.34728612863 -1.36922807051 7.74789539415
1.7260799    -3.60686104565 7.34658895298 -1.3715352981 7.7632431766
1.68234      -3.59768512345 7.3459110325 -1.37149297856 7.7783886651
1.6393       -3.58860665372 7.34467369269 -1.37516426871 7.79322009968
1.5969599    -3.58017547635 7.3441690211 -1.37657410487 7.80782113133
1.55529      -3.57166169992 7.34316033035 -1.38029784867 7.82212890823
1.51429      -3.56343916596 7.34140601659 -1.38404969097 7.83615751002
1.47395      -3.55547479679 7.33980933912 -1.38619637694 7.84996730484
1.43425      -3.54770376819 7.33658040778 -1.39097850422 7.86348447141
1.39519      -3.54018341841 7.33398171402 -1.39509300169 7.8767452271
1.35676      -3.5329178956 7.33244179739 -1.39974128166 7.88974282149
1.3189501    -3.52565932573 7.32960975001 -1.40347718448 7.90251479758
1.28174      -3.51872116064 7.32587226385 -1.40928534458 7.91501113551
1.2451299    -3.51194304421 7.32213377643 -1.41703603455 7.92718900677
1.20911      -3.50518416331 7.31887915191 -1.4236657819 7.93909362439
1.17366      -3.49860575597 7.31630031566 -1.42758759535 7.95080913181
1.13878      -3.49234973483 7.31186900194 -1.43402374592 7.96227471178
1.10447      -3.48626899046 7.30816211458 -1.44146889954 7.97347395923
1.0707       -3.48159998626 7.30401796447 -1.44725761835 7.98446168799
1.03747      -3.47728886235 7.29958951893 -1.45219154667 7.99526469039
1.0047801    -3.47200823976 7.29568872575 -1.45780013104 8.00587025187
0.97261602   -3.46803775953 7.28993037961 -1.46526813755 8.01624276015
0.940965     -3.46433020985 7.28428656719 -1.47250453577 8.02639712683
0.90982199   -3.46078316291 7.27960344634 -1.48022312193 8.03632618028
0.879179     -3.45624491674 7.27487857526 -1.48449126199 8.04611574168
0.84902698   -3.45304560065 7.26825141209 -1.49117060445 8.05571689054
0.819359     -3.45020856395 7.26240011576 -1.49829360851 8.06512490376
0.79016799   -3.44703060829 7.25520117083 -1.50657697666 8.07432197242
0.76144397   -3.44308094096 7.24957959456 -1.51626137017 8.08328460086
0.733181     -3.44037293271 7.24368424507 -1.52223625841 8.09209756467
0.70537198   -3.43778116197 7.23597992108 -1.527681299 8.10077320412
0.67800897   -3.43526302362 7.23012455581 -1.53481470549 8.10928206025
0.65108502   -3.43264752308 7.22363085299 -1.54181708062 8.11763169258
0.62459397   -3.43015600902 7.21711839853 -1.55032388047 8.12579741823
0.59852701   -3.42793825825 7.21062871719 -1.55839432338 8.13379069615
0.572878     -3.42574525133 7.20431030038 -1.56628844297 8.14162173716
0.54764098   -3.42352357718 7.19699087606 -1.57362481492 8.14930431645
0.52280903   -3.42151253575 7.19046287618 -1.58114046523 8.15683649057
0.498375     -3.41912569096 7.18339125323 -1.58947673039 8.16421001958
0.474334     -3.41716672246 7.17704811331 -1.59799585269 8.17142411603
0.45067799   -3.41487619602 7.16984306974 -1.60506673008 8.1785064808
0.42740101   -3.41297271882 7.16241344045 -1.61247690759 8.1854558668
0.40449899   -3.411656939 7.15726221804 -1.6185113439 8.19229430688
0.38196301   -3.40990605145 7.1514557113 -1.6239979591 8.19903274603
0.35978901   -3.40879238949 7.14505980572 -1.63026101407 8.20566063041
0.337971     -3.40756620843 7.13883830496 -1.63872967474 8.21214612171
0.31650299   -3.40609333843 7.13164943164 -1.64565936529 8.21851543772
0.29538      -3.40477109032 7.12548189609 -1.6534029663 8.22475809342
0.27459499   -3.40336246708 7.11805508997 -1.66059036512 8.2308856758
0.25414401   -3.40220089183 7.10972632321 -1.67115964408 8.23685214453
0.23402099   -3.40092229331 7.10347098937 -1.681017483 8.24267325114
0.214221     -3.39977175571 7.09734532282 -1.68985965592 8.24836515657
0.194739     -3.3981833354 7.09142713389 -1.69589364721 8.25396613017
0.175569     -3.3966009635 7.08568883144 -1.70265320156 8.25946871356
0.156707     -3.39510583614 7.07944006873 -1.71157842972 8.26484701928
0.13814799   -3.39425837042 7.07383713318 -1.7157479739 8.27016221976
0.119886     -3.3930738648 7.0694678059 -1.72172266179 8.27539135703
0.101917     -3.39172388153 7.06351464099 -1.72665398361 8.28054905956
0.084236696  -3.39046055543 7.0589087653 -1.7327191509 8.28562189097
0.06684      -3.38909439096 7.05262499697 -1.73897587919 8.29060882545
0.0497224    -3.38801865088 7.04812757329 -1.74239455475 8.295542492
0.032879502  -3.38680587992 7.04286227128 -1.74909010888 8.30038677072
0.016306801  -3.38611329715 7.03649805687 -1.75255602913 8.30517800257
0.0          -3.38467579148 7.03072411704 -1.75880618035 8.30988629689
#nu_sf=0.5
17.0902      -11.4437757028 0.546957166047 -8.93927254546 -2.47480879899 
16.7999      -11.3603973127 0.844902419634 -8.43681536957 -1.84574467464
16.514299    -10.8676415151 1.11037884238 -8.17185350949 -1.45777664691
16.233299    -10.7580687465 1.42122650789 -7.87866458743 -1.11756193716
15.9568      -10.4271975875 1.75026597939 -7.54664241366 -0.776120320139
15.6847      -10.3024630464 2.00017162666 -7.26632260288 -0.461354273782
15.417       -10.0173249298 2.18054471959 -7.06038485092 -0.194627684123
15.1536      -9.86332973282 2.41727845049 -6.84639807382 0.0534406920707
14.8944      -9.62231488563 2.61809368726 -6.40336028915 0.402731426477
14.6394      -9.44738518222 2.80255905388 -6.31079343041 0.633440293253
14.3885      -9.29885467666 2.97903168818 -6.02280668799 0.893438257456
14.1416      -9.12515897269 3.16346444586 -5.94518800288 1.08413429091
13.8986      -8.92545933439 3.330811625 -5.74156043039 1.28342235296
13.6596      -8.78483405726 3.48941188497 -5.5434065264 1.48625699398
13.4243      -8.64609277163 3.64214217934 -5.45927224444 1.6517007255
13.1929      -8.48525668783 3.79320913017 -5.27907376772 1.82542439431
12.9652      -8.3373313345 3.94000314338 -5.10931389395 2.00126811653
12.7411      -8.18453303789 4.08447804045 -4.94853227789 2.17551679864
12.5206      -8.05464677901 4.21757264886 -4.76126749308 2.35781040569
12.3037      -7.91806335617 4.34990960904 -4.64548780886 2.52167414211
12.0902      -7.78962608221 4.47581542211 -4.48327341823 2.68838561721
11.8802      -7.66467993383 4.59633583797 -4.35447213899 2.84655502357
11.6735      -7.54060847995 4.71275364216 -4.23129271837 2.9973700657
11.4702      -7.41485724677 4.82568516674 -4.10538490989 3.14395241202
11.2701      -7.30317925418 4.93298443901 -3.99046982767 3.2846773086
11.0732      -7.19418964971 5.03773062524 -3.8819590363 3.41947823862
10.8795      -7.08623245281 5.13903763943 -3.78465044161 3.54727217448
10.6889      -6.98285388973 5.23690524315 -3.68242621314 3.67119872913
10.5013      -6.88078141013 5.33091555402 -3.58126067843 3.79216641041
10.3168      -6.78033205325 5.42120626194 -3.48386977243 3.91001463375
10.1352      -6.68491948342 5.50900520104 -3.39676973909 4.02313203357
9.9565496    -6.58753513847 5.59361338162 -3.31143579856 4.13238437285
9.7807503    -6.49898565359 5.67533923815 -3.22891197358 4.23802764485
9.6077805    -6.41129811253 5.75368462322 -3.14183496085 4.34192932696
9.4375696    -6.32673911798 5.82891591616 -3.06887936208 4.44164204234
9.2700996    -6.24519113861 5.90089035168 -2.99045533241 4.5391064762
9.10532      -6.16661998208 5.97012853767 -2.92065422746 4.63320591173
8.9431696    -6.08940994941 6.03672732013 -2.84993127531 4.7248350173
8.7836304    -6.01246139049 6.10042586033 -2.78029564336 4.81428807418
8.6266499    -5.939521782 6.16165058594 -2.71552548274 4.90110295911
8.4721899    -5.86786293131 6.22045672458 -2.65408353624 4.98529998561
8.3202105    -5.79824484135 6.27664458275 -2.59415890198 5.06711944016
8.1706696    -5.72995455598 6.33050684839 -2.53465662262 5.14688892348
8.0235205    -5.66512869057 6.38219095922 -2.47886053979 5.22444682686
7.8787398    -5.59966158786 6.43148644367 -2.42891402772 5.29929119653
7.73628      -5.53779652791 6.4789744136 -2.38082249589 5.3715498346
7.5960999    -5.47734998524 6.52410439922 -2.32837188089 5.44243212709
7.45818      -5.41834461401 6.56728067389 -2.28210853168 5.51120257546
7.3224602    -5.35981666254 6.60852114918 -2.23895947032 5.57779332283
7.18893      -5.3039200928 6.64797836382 -2.19775222672 5.64228495413
7.0575399    -5.24936515922 6.68553143567 -2.15650768731 5.70504081526
6.9282498    -5.19584672994 6.72149128394 -2.11712940956 5.76610004214
6.8010402    -5.14373629999 6.75589963491 -2.08126174288 5.82525934626
6.6758699    -5.09323625559 6.78874860068 -2.04289057747 5.88310625076
6.5527101    -5.04355839725 6.81990740329 -2.00650523015 5.93962233807
6.43153      -4.99570842358 6.84969114603 -1.97235042476 5.99469097798
6.3122902    -4.94871916582 6.87801156916 -1.94251187706 6.04802435037
6.1949601    -4.90270740478 6.90489415569 -1.90982666445 6.10019950066
6.0795202    -4.85812100935 6.93055442393 -1.88265552072 6.1507675419
5.96593      -4.81476149559 6.95491139903 -1.855543613 6.19990792374
5.8541598    -4.77218809003 6.97821170655 -1.8290909377 6.24776609536
5.7441802    -4.73144296622 7.00032165435 -1.80518173399 6.29423314935
5.6359701    -4.69172609059 7.02185639495 -1.77997121341 6.33962096116
5.5295       -4.65267547131 7.04241905431 -1.75907864079 6.38362839941
5.4247298    -4.61453634859 7.06204212753 -1.73579946192 6.42667183254
5.32164      -4.5775068074 7.08084571351 -1.71456176544 6.46864481483
5.2202101    -4.54191306964 7.09892073848 -1.69379861295 6.50963120749
5.12041      -4.50685591495 7.11626860161 -1.67318048044 6.54974692056
5.0222001    -4.47250748221 7.1330513374 -1.65561004128 6.58879705854
4.92558      -4.43934381631 7.14923806856 -1.63831142207 6.62689283447
4.8305001    -4.40719385866 7.16486588203 -1.62031798547 6.66418218021
4.7369499    -4.37569930431 7.17969477887 -1.60461209357 6.7005654579
4.6448998    -4.34515272028 7.19451587029 -1.58802829289 6.73619465973
4.5543299    -4.31546307425 7.20875580068 -1.57305547173 6.7710331595
4.46521      -4.28629879573 7.22206873574 -1.55802460106 6.80515301255
4.3775201    -4.2583448316 7.23513301002 -1.54325017159 6.83859365458
4.2912302    -4.23074315946 7.24781018198 -1.53024219625 6.87131167212
4.2063298    -4.20416465381 7.26043926542 -1.51768945861 6.9033231285
4.1227999    -4.1783560898 7.27231932494 -1.5022280995 6.93489630421
4.0405998    -4.15292550781 7.28367451101 -1.49024672822 6.96582797826
3.9597199    -4.12851139845 7.29479748929 -1.47925718986 6.99610892506
3.8801501    -4.10495212072 7.30531550861 -1.46939970389 7.02572026794
3.8018401    -4.0817178179 7.3153516467 -1.46070994071 7.05463717079
3.7248001    -4.05898879783 7.324945302 -1.45035560773 7.08303221961
3.6489899    -4.03690890534 7.33410569327 -1.44097861626 7.11088689708
3.5743899    -4.01534927441 7.34275768866 -1.43516678349 7.13801163699
3.5009999    -3.99447393025 7.35168184306 -1.42902006362 7.16450322658
3.4287801    -3.97423686563 7.35984094483 -1.4200040812 7.19057173196
3.3577199    -3.95516633054 7.36748719004 -1.40708294349 7.21647267569
3.2878001    -3.93648317883 7.37453141575 -1.39632738739 7.24209279768
3.2190001    -3.91831012372 7.38125893558 -1.38575829393 7.2674383134
3.1513       -3.89731286373 7.38976387418 -1.39364155348 7.29151240436
3.0847001    -3.87866698 7.39710776989 -1.38647358068 7.31522965271
3.01916      -3.86070948429 7.40387406945 -1.37895888933 7.3386293905
2.95467      -3.84344568591 7.41033779576 -1.3737437839 7.36161858587
2.8912201    -3.82633628288 7.41630840297 -1.36939222655 7.38416984584
2.8287799    -3.81016570274 7.42253313481 -1.36369194341 7.40638778469
2.76735      -3.7939453484 7.42810764085 -1.35831235441 7.42827300514
2.7068999    -3.77826544477 7.43330102155 -1.3547534371 7.44975560674
2.6474199    -3.7628108439 7.437822087 -1.35282767221 7.47078944139
2.5889001    -3.74811257553 7.44263032828 -1.34904107025 7.49148762745
2.5313101    -3.73351200055 7.44703936388 -1.3461318312 7.5118291251
2.4746499    -3.71920731782 7.45112239591 -1.34267547417 7.53185890272
2.4189       -3.70550093984 7.45479821151 -1.341051264 7.55151234311
2.3640499    -3.69232698059 7.45856313331 -1.33833213689 7.57085894205
2.31007      -3.67909388453 7.46138827843 -1.33942892935 7.58975847613
2.2569599    -3.66644246192 7.46428157438 -1.34102615913 7.60820921769
2.2047       -3.65387833553 7.46717351718 -1.34101965478 7.62631085303
2.15328      -3.64199456814 7.46941271664 -1.34002176793 7.64411780793
2.10269      -3.63004613993 7.4719732505 -1.34089958245 7.66157269433
2.0529001    -3.61849824034 7.47380455239 -1.34082372111 7.67873383627
2.0039201    -3.60720360626 7.47564606182 -1.34402029935 7.69549054969
1.9557199    -3.59640491657 7.47709917416 -1.34163127215 7.71207026053
1.90829      -3.58558870367 7.47857600759 -1.34677044791 7.72820685392
1.86163      -3.57516865279 7.47943337187 -1.3491150512 7.74402531706
1.81572      -3.56500372316 7.48048418346 -1.35180834214 7.75953036046
1.77054      -3.55506908495 7.48123448896 -1.35486392844 7.77472168035
1.7260799    -3.54520472387 7.48196116527 -1.35758926327 7.78962851186
1.68234      -3.53587506917 7.48283161045 -1.35692927407 7.80437436458
1.6393       -3.52664493824 7.48282609393 -1.35974543571 7.81885450593
1.5969599    -3.51802375059 7.48331236475 -1.36231631994 7.83308437111
1.55529      -3.50902314281 7.48336293145 -1.36705530214 7.84700779165
1.51429      -3.50037170254 7.48293916332 -1.37269875065 7.8606130051
1.47395      -3.49211936783 7.48269133196 -1.37269727322 7.87408462001
1.43425      -3.48431529908 7.48125292543 -1.37645538924 7.88731075938
1.39519      -3.47621905286 7.47991969301 -1.38247731988 7.90023859095
1.35676      -3.46837336132 7.47875704578 -1.38857612224 7.91287829028
1.3189501    -3.46083565894 7.47711222593 -1.39507629694 7.92522982852
1.28174      -3.45365555429 7.4750711964 -1.40229045317 7.937287862
1.2451299    -3.44642941599 7.47330678088 -1.41223539813 7.948992138
1.20911      -3.43923775024 7.47212021262 -1.42029097485 7.96040875969
1.17366      -3.43242344536 7.47121724638 -1.424845287 7.97164039961
1.13878      -3.42554602942 7.46842296799 -1.4304435353 7.98266425631
1.10447      -3.41914812926 7.46655974758 -1.43592707652 7.99349147319
1.0707       -3.41419179264 7.46379220673 -1.44119627485 8.00413547816
1.03747      -3.40933951245 7.46073042237 -1.45019694513 8.01451231725
1.0047801    -3.40364085057 7.45855481237 -1.45492767716 8.02473000817
0.97261602   -3.39909209467 7.45462728922 -1.46336341609 8.03471007134
0.940965     -3.39498496973 7.45167969464 -1.47266215979 8.04444177344
0.90982199   -3.39106510739 7.44830151466 -1.47748238076 8.05403074402
0.879179     -3.38596102169 7.44522130319 -1.4819147327 8.06348858536
0.84902698   -3.38187293195 7.4409729425 -1.48772958409 8.07278972079
0.819359     -3.37840277274 7.43679730142 -1.49515240431 8.08190376405
0.79016799   -3.37470118519 7.4317552167 -1.50562870355 8.09077421909
0.76144397   -3.37011714975 7.4277742801 -1.51564058268 8.099419854
0.733181     -3.36671139629 7.42439637787 -1.52378346834 8.10788457552
0.70537198   -3.36357943025 7.41914370578 -1.52354198638 8.11633265242
0.67800897   -3.36046738129 7.41536923799 -1.53115177105 8.12461413057
0.65108502   -3.35724809105 7.41030923189 -1.53472292087 8.13280851353
0.62459397   -3.35431929077 7.4046976495 -1.54586305828 8.14077689883
0.59852701   -3.35156458783 7.39969661544 -1.55635460955 8.14853878319
0.572878     -3.34878822817 7.39475207503 -1.56404964849 8.15614962986
0.54764098   -3.34637831369 7.39017210923 -1.57350498329 8.16358325215
0.52280903   -3.34364514876 7.3851861589 -1.58123795601 8.17087245738
0.498375     -3.34045655189 7.37981659532 -1.58880792416 8.17802467353
0.474334     -3.33773224553 7.37445695745 -1.59730301661 8.1850259422
0.45067799   -3.33506903829 7.36892837536 -1.60532791083 8.19188774954
0.42740101   -3.33271801039 7.36340581479 -1.61136420663 8.19864473276
0.40449899   -3.33057426252 7.35916432091 -1.61598295966 8.20531904541
0.38196301   -3.32838822942 7.35441877959 -1.62215835352 8.2118874672
0.35978901   -3.32663990397 7.34839700877 -1.62660624477 8.21837755889
0.337971     -3.32482600298 7.34292618056 -1.63635913713 8.22471157805
0.31650299   -3.32274402433 7.33643944105 -1.64364963099 8.2309290305
0.29538      -3.32097985318 7.33128168163 -1.65506991998 8.23697391167
0.27459499   -3.31925731137 7.3259867186 -1.66582559199 8.24286223181
0.25414401   -3.3175590724 7.32016584185 -1.67382454319 8.24863181177
0.23402099   -3.3155635138 7.31485492276 -1.68362022131 8.25426419131
0.214221     -3.31369867093 7.31003344626 -1.69286038108 8.25976875867
0.194739     -3.31163440905 7.30565945882 -1.69999726863 8.26517492519
0.175569     -3.30968637859 7.30134671442 -1.7048149817 8.2705113642
0.156707     -3.30796745566 7.29615252027 -1.71022778473 8.27577197745
0.13814799   -3.30674962021 7.29075462147 -1.71484586947 8.28096651053
0.119886     -3.30511923586 7.28663619045 -1.72288296764 8.28605477655
0.101917     -3.30337418214 7.2820168951 -1.72727004805 8.29108119599
0.084236696  -3.30155824161 7.27733098675 -1.73199412563 8.29604135168
0.06684      -3.30003530452 7.27254840886 -1.73683091197 8.30093430618
0.0497224    -3.29853218643 7.26865026855 -1.74270504629 8.30574935214
0.032879502  -3.29693581995 7.26351691971 -1.75124159311 8.31045825385
0.016306801  -3.2956799525 7.25855933428 -1.75695477982 8.3150935426
0.0          -3.2943249681 7.25380556983 -1.75922888414 8.31969119598
#boost_burst =20
17.0902      -11.8835358953 0.573161205675 -8.58252665972 -2.11806288006 
16.7999      -11.5359883986 0.8399260967 -8.12624836614 -1.52387941088
16.514299    -11.3334210041 1.12734769648 -7.84946440198 -1.13560185108
16.233299    -11.0446188017 1.4162385106 -7.56064096464 -0.797636869666
15.9568      -10.5838092054 1.7393372686 -7.25032184132 -0.468886823736
15.6847      -10.4434801269 1.98467968714 -6.97887261262 -0.164207931828
15.417       -10.1908840976 2.14427809314 -6.37501576386 0.323403845883
15.1536      -9.91585173437 2.36124137146 -6.31055446872 0.57931312754
14.8944      -9.74441899766 2.58044790102 -6.28815900361 0.749502994195
14.6394      -9.57325434654 2.7692918932 -6.14230946295 0.915336977441
14.3885      -9.38110610193 2.94943482712 -5.9768517176 1.08445630562
14.1416      -9.17950921758 3.1249089317 -5.62046764028 1.32750711236
13.8986      -8.98580910527 3.28351086043 -5.36407313304 1.58108119345
13.6596      -8.81812923265 3.44054241006 -5.36268401531 1.74387147984
13.4243      -8.67928308094 3.5907518062 -5.22951009995 1.9006837316
13.1929      -8.51739932049 3.7399962365 -5.05807785439 2.06537817594
12.9652      -8.36986608277 3.88120544584 -4.82693121722 2.2558139358
12.7411      -8.22180578735 4.02246766233 -4.65876808934 2.44202103983
12.5206      -8.09133755302 4.15341518393 -4.53162961816 2.61202666731
12.3037      -7.95496073521 4.28426472963 -4.41375784293 2.76894766091
12.0902      -7.82650683522 4.40907736766 -4.28889704141 2.9194857291
11.8802      -7.70099290581 4.52769265199 -4.18107261728 3.06084075147
11.6735      -7.57713833556 4.64082096033 -4.05313509323 3.20136441391
11.4702      -7.45810549171 4.75013688164 -3.91341528847 3.34453601063
11.2701      -7.3475800512 4.85220491055 -3.78121068336 3.48767949807
11.0732      -7.23430097874 4.95109951353 -3.6734082261 3.62396793057
10.8795      -7.12903971397 5.048084872 -3.58354625539 3.7509013335
10.6889      -7.02501037666 5.14189084529 -3.5002595613 3.86959803085
10.5013      -6.92477213709 5.23302438804 -3.41178755575 3.98370864851
10.3168      -6.82842453538 5.32056695942 -3.32321096368 4.09441372756
10.1352      -6.73227776764 5.40401157402 -3.23178430011 4.20315554702
9.9565496    -6.6389137709 5.48422842189 -3.15528543265 4.30721047971
9.7807503    -6.54912886198 5.56184849428 -3.08185591003 4.40700592073
9.6077805    -6.46375510917 5.63546675777 -2.99441618884 4.50640900964
9.4375696    -6.3779934859 5.70605628256 -2.93344824622 4.60031888227
9.2700996    -6.29618738411 5.77302934749 -2.85598578674 4.69302426492
9.10532      -6.21804482079 5.83811188137 -2.79302980503 4.78212490164
8.9431696    -6.13968488061 5.89990473576 -2.72111970453 4.87000035735
8.7836304    -6.06432246955 5.95975117334 -2.65657678336 4.95554063974
8.6266499    -5.99157374992 6.01645348544 -2.59432153847 5.03879095406
8.4721899    -5.91899896857 6.07051081448 -2.53748490153 5.1193449144
8.3202105    -5.8495040502 6.12217388351 -2.48539578097 5.1969264471
8.1706696    -5.78022564106 6.17161714586 -2.43182761951 5.27228456174
8.0235205    -5.71531125699 6.21864668406 -2.37766711409 5.34597534143
7.8787398    -5.65076690867 6.26365925249 -2.33368188956 5.41676153801
7.73628      -5.58923744517 6.30752713594 -2.29413943263 5.48444054177
7.5960999    -5.52841246117 6.34871756505 -2.23995972177 5.55172373619
7.45818      -5.47042464014 6.38850030602 -2.1971391071 5.61701630247
7.3224602    -5.41231894847 6.42651303071 -2.16225842128 5.67958555478
7.18893      -5.35705627703 6.46314495197 -2.12592528016 5.74006309615
7.0575399    -5.30183176336 6.49793602803 -2.08605306574 5.79924118215
6.9282498    -5.24897898765 6.53175950984 -2.0522655957 5.85656389149
6.8010402    -5.19715527052 6.5645830622 -2.01863418972 5.91227552644
6.6758699    -5.14715797053 6.59555767656 -1.97669976515 5.96757929416
6.5527101    -5.0978880499 6.62518649268 -1.94513557498 6.02134140438
6.43153      -5.05066461196 6.6539933497 -1.91190338469 6.07393064353
6.3122902    -5.00411926908 6.68140234501 -1.88096489654 6.12525591592
6.1949601    -4.95881177227 6.70760586917 -1.85095875317 6.17539061472
6.0795202    -4.91442934966 6.73328079223 -1.82900077749 6.22364300174
5.96593      -4.87152614267 6.75798680204 -1.79967565836 6.27099534256
5.8541598    -4.82930310404 6.78169928671 -1.77196849289 6.31741703568
5.7441802    -4.78869741167 6.80447698353 -1.74799303002 6.36263614059
5.6359701    -4.74922537879 6.82688284622 -1.71895102877 6.40729650493
5.5295       -4.71029009871 6.84887652691 -1.70276914143 6.45022181698
5.4247298    -4.67231345769 6.86998886877 -1.67676830094 6.49255716917
5.32164      -4.63533539766 6.89033799596 -1.65236943011 6.53419111867
5.2202101    -4.59976605927 6.91002523519 -1.62636367145 6.57534804773
5.12041      -4.56461390512 6.92902842752 -1.60398100642 6.61577188728
5.0222001    -4.53001418596 6.94780297126 -1.58950712644 6.65482871472
4.92558      -4.49677395696 6.96619975266 -1.56990746394 6.69312423416
4.8305001    -4.46442684092 6.98417171756 -1.54988909472 6.73076061397
4.7369499    -4.43296751057 7.00150496792 -1.53132555468 6.76768687394
4.6448998    -4.40200468474 7.01856047461 -1.50946219975 6.80422878401
4.5543299    -4.37193202857 7.03498228815 -1.49061865833 6.8401947626
4.46521      -4.34263642809 7.05038852541 -1.4697375431 6.87578914542
4.3775201    -4.31440682907 7.06574891836 -1.45414272229 6.9106254925
4.2912302    -4.28615691552 7.08074745727 -1.43949804761 6.94472892339
4.2063298    -4.25876167718 7.09552263744 -1.42414370398 6.97820114386
4.1227999    -4.23216104727 7.10986104885 -1.40674767471 7.01125107904
4.0405998    -4.20604603748 7.12328225964 -1.39273700033 7.04367061656
3.9597199    -4.18058023412 7.13655535584 -1.38028095355 7.07540693818
3.8801501    -4.15597510035 7.14918629016 -1.36874536547 7.10645858764
3.8018401    -4.1315536511 7.16184475865 -1.36072120362 7.13664155035
3.7248001    -4.10805401919 7.17372163458 -1.34472303946 7.16657038336
3.6489899    -4.08484144807 7.18524880902 -1.33543191017 7.19582535903
3.5743899    -4.06200089457 7.19636147301 -1.32966925901 7.22422305874
3.5009999    -4.03983109063 7.20753603532 -1.31388332714 7.25248118141
3.4287801    -4.01826742368 7.21784849229 -1.30512551533 7.2801636211
3.3577199    -3.99791637516 7.22752628117 -1.28742800489 7.30786288857
3.2878001    -3.97789098104 7.23647972655 -1.27174234964 7.33545473316
3.2190001    -3.95833234675 7.24530583495 -1.25748464203 7.36285688238
3.1513       -3.93595354574 7.25675769086 -1.26882207039 7.38856848428
3.0847001    -3.91589954606 7.26627322287 -1.25802189396 7.4140123047
3.01916      -3.896842786 7.27566954531 -1.24618708684 7.43926274984
2.95467      -3.87800442812 7.28384132598 -1.2362855848 7.4642290505
2.8912201    -3.85942953146 7.29229081384 -1.23456647508 7.48846833253
2.8287799    -3.8416643552 7.30029425597 -1.21921425152 7.51278088019
2.76735      -3.82418700859 7.30801269838 -1.21205232635 7.53671290033
2.7068999    -3.80705188512 7.31511572445 -1.20641460894 7.5602071613
2.6474199    -3.79022462043 7.32154312943 -1.20128638752 7.58327355985
2.5889001    -3.77407390429 7.3282772753 -1.19621869313 7.60593464872
2.5313101    -3.75818853075 7.33436983746 -1.18961097003 7.62829276738
2.4746499    -3.74276743766 7.34024124269 -1.18579958455 7.6502274303
2.4189       -3.7275015139 7.34543523624 -1.18101316172 7.67181199573
2.3640499    -3.71294278863 7.35025701397 -1.17681927093 7.69303821049
2.31007      -3.69881480346 7.35488910887 -1.17584872069 7.71378356672
2.2569599    -3.68518041299 7.35965269581 -1.1787498025 7.73389425312
2.2047       -3.67166184802 7.36411058727 -1.17521574965 7.75370713872
2.15328      -3.65845988451 7.367559361 -1.17393523799 7.77313546913
2.10269      -3.64556270311 7.37168509557 -1.17193780059 7.7922339786
2.0529001    -3.63320494394 7.37428950806 -1.16766095039 7.81112094047
2.0039201    -3.62138127301 7.37728924508 -1.16647944499 7.82967414174
1.9557199    -3.60985087557 7.37951664638 -1.16655693463 7.84785556007
1.90829      -3.59822115665 7.38199966176 -1.17228434 7.86546580226
1.86163      -3.58728918893 7.38388102993 -1.17501078348 7.88265726863
1.81572      -3.57676229835 7.38621915474 -1.17678863525 7.89949148201
1.77054      -3.56610691665 7.38763637961 -1.17796469806 7.91600574961
1.7260799    -3.55587677859 7.38955756294 -1.18391068811 7.93204688164
1.68234      -3.54588864888 7.39065441139 -1.18030727901 7.9479791952
1.6393       -3.5361502754 7.39164551088 -1.19065499666 7.96332016404
1.5969599    -3.52689013289 7.39319697069 -1.19362463151 7.97835208353
1.55529      -3.5177384411 7.39459348844 -1.19692201002 7.99308314139
1.51429      -3.50872211562 7.3949022088 -1.19990436654 8.00753734773
1.47395      -3.49990646574 7.3948118192 -1.20365043103 8.02170086236
1.43425      -3.4918832317 7.39372969008 -1.2058264995 8.03563579364
1.39519      -3.48383226713 7.39299450524 -1.21038244379 8.04927850974
1.35676      -3.47633442253 7.3920830929 -1.21131211673 8.06275178023
1.3189501    -3.46888304433 7.39057844576 -1.22233803647 8.07575989372
1.28174      -3.46183836342 7.3882365444 -1.22379516742 8.08860673932
1.2451299    -3.45495677205 7.38694680248 -1.23628105398 8.10098326497
1.20911      -3.44803104638 7.38522378914 -1.24197845569 8.11310106542
1.17366      -3.44126775464 7.38386508211 -1.24553147042 8.12503034012
1.13878      -3.43471886001 7.38060780397 -1.25285406095 8.13667629792
1.10447      -3.42871923434 7.37842419455 -1.26195651269 8.14800471475
1.0707       -3.42379542334 7.37534127181 -1.26657298942 8.15914560504
1.03747      -3.41921040197 7.37213020272 -1.27557978422 8.1699941556
1.0047801    -3.41373615061 7.36946975461 -1.2811486492 8.18064540561
0.97261602   -3.40946053525 7.36465554758 -1.28768436785 8.19108381327
0.940965     -3.40515145107 7.36073676944 -1.30213668642 8.20113397493
0.90982199   -3.4008616165 7.35722253798 -1.30886764002 8.21098660367
0.879179     -3.39611159739 7.35313166787 -1.30847210543 8.22080703068
0.84902698   -3.39248673546 7.34819840282 -1.31862482304 8.23036166648
0.819359     -3.38892392405 7.3436333477 -1.32986483742 8.23963816023
0.79016799   -3.38534298549 7.33910223001 -1.34243496261 8.2486211131
0.76144397   -3.38110969903 7.33390760941 -1.34641434067 8.25749457358
0.733181     -3.37820031294 7.32896891707 -1.35045083984 8.26625954505
0.70537198   -3.37519177359 7.32236539213 -1.35626900963 8.27488227974
0.67800897   -3.37271709274 7.31680108453 -1.35757030404 8.28345371194
0.65108502   -3.37021726617 7.31069750534 -1.36855567723 8.29178673177
0.62459397   -3.36736941835 7.30345937527 -1.38316638704 8.29982440316
0.59852701   -3.36485558329 7.2981223134 -1.39234535072 8.30767484726
0.572878     -3.36244921077 7.29229071135 -1.39818148444 8.31540367895
0.54764098   -3.36023813208 7.28625803326 -1.40836513672 8.32293791434
0.52280903   -3.35798301974 7.28069729195 -1.41773979824 8.33029596673
0.498375     -3.35538071067 7.27466702732 -1.4280153394 8.33747040432
0.474334     -3.35281445253 7.26877646796 -1.43950951997 8.3444450084
0.45067799   -3.35088552631 7.26253308595 -1.43393387014 8.35149671855
0.42740101   -3.34907071904 7.25512505038 -1.44549571235 8.35835046811
0.40449899   -3.34796241168 7.24947925217 -1.44238563855 8.36523903522
0.38196301   -3.34653017906 7.24402648008 -1.45925976761 8.37185164998
0.35978901   -3.34566584841 7.23711605922 -1.46766985309 8.37832588036
0.337971     -3.34423158621 7.23039070533 -1.47697017937 8.38465098311
0.31650299   -3.34306510848 7.22424625588 -1.48051637676 8.39091329218
0.29538      -3.34158054278 7.21780739035 -1.49376848549 8.39697629323
0.27459499   -3.34020769614 7.21136994804 -1.50004689887 8.402941518
0.25414401   -3.33892355756 7.20356374782 -1.51465353761 8.40869924956
0.23402099   -3.33724893563 7.19771903212 -1.5275790691 8.41427980478
0.214221     -3.33568290428 7.19317090031 -1.54031666728 8.41969010355
0.194739     -3.33454500084 7.18873723343 -1.53744185748 8.42512795918
0.175569     -3.33328484759 7.18342384285 -1.54330974644 8.43048351161
0.156707     -3.33211785885 7.17801098386 -1.55516689982 8.43568445485
0.13814799   -3.33138485195 7.1720169598 -1.55717485546 8.44085166047
0.119886     -3.33048197426 7.1675855601 -1.56572452658 8.44590749241
0.101917     -3.32935122564 7.1619214537 -1.56709554701 8.45093699368
0.084236696  -3.3284034041 7.15763511076 -1.57818693012 8.45582843224
0.06684      -3.32712298367 7.1515592294 -1.58684083541 8.46061256819
0.0497224    -3.32619771667 7.14672846749 -1.58271638404 8.46543080034
0.032879502  -3.32525395047 7.14025277324 -1.58847385187 8.47017259514
0.016306801  -3.32478995451 7.13381191379 -1.59582911801 8.47482236781
0.0          -3.32366483955 7.12771632375 -1.60427346064 8.47937021555
#boost_burst = 30
17.0902     -11.3291033347 1.0539371292 -8.1064250848 -1.64197640223
16.7999     -10.9427424113 1.31751109254 -7.64383971268 -1.0428765153
16.514299   -10.8668015355 1.49272504016 -7.44288250916 -0.696997200993
16.233299   -10.8050873603 1.59578181644 -7.3095830619 -0.450355873624
15.9568     -10.7370541793 1.70819072615 -7.20170275169 -0.254698498575
15.6847     -10.483471875 1.85868825526 -7.06819990887 -0.077043667679
15.417      -10.3849643708 2.0415949937 -6.89790121428 0.101661572003
15.1536     -9.95511658006 2.28043171511 -6.67974648884 0.297874848331
14.8944     -9.68037485939 2.49074912689 -6.45500846928 0.508712364132
14.6394     -9.52133979346 2.68297194863 -5.99263939487 0.839619891831
14.3885     -9.36334698603 2.88965549929 -6.04174208927 1.01219509443
14.1416     -9.18926744616 3.08121318666 -5.85980532096 1.19140896816
13.8986     -9.0392398821 3.2296828878 -5.21460682905 1.59465439327
13.6596     -8.89452790863 3.38849191807 -5.33044543184 1.76327483464
13.4243     -8.74158055284 3.53638499552 -5.20269312762 1.92243948492
13.1929     -8.55233416141 3.68692990981 -5.1065864412 2.06608601943
12.9652     -8.40367476493 3.83811830319 -5.05618862682 2.18799095441
12.7411     -8.25004746669 3.98382149663 -4.66061933692 2.39847187747
12.5206     -8.13915245415 4.11973693466 -4.59775417932 2.56127405785
12.3037     -7.99008362669 4.24852837037 -4.49109188979 2.71028864134
12.0902     -7.85770472478 4.37268360011 -4.2596117921 2.88847865352
11.8802     -7.72737283105 4.49117603298 -4.15208233743 3.04729884891
11.6735     -7.5994218733 4.61340946461 -4.08753311433 3.18217971603
11.4702     -7.48214184107 4.72406127133 -3.89717158891 3.33563376448
11.2701     -7.36842198592 4.82744192624 -3.79157315994 3.47834473584
11.0732     -7.25710043572 4.93344926749 -3.70557465416 3.60861370945
10.8795     -7.14865060096 5.03350308413 -3.63819155684 3.72588586052
10.6889     -7.0406985231 5.13086344296 -3.53232530306 3.84295338457
10.5013     -6.93612546616 5.22377606459 -3.44568947408 3.95542961946
10.3168     -6.83566859929 5.31259177425 -3.34374570999 4.06785525139
10.1352     -6.74071963349 5.39447193997 -3.20988618316 4.18781345866
9.9565496   -6.64952335026 5.47322055317 -3.12950078407 4.30091558056
9.7807503   -6.55785463463 5.55088863145 -3.07890967608 4.4026435835
9.6077805   -6.46847576019 5.62434593963 -2.97304776716 4.50746756954
9.4375696   -6.38381342493 5.69461183901 -2.91876745733 4.6040211183
9.2700996   -6.3044973282 5.76169028076 -2.8380771194 4.6995096328
9.10532     -6.22210500057 5.82741791817 -2.78706756805 4.78850011698
8.9431696   -6.14715015652 5.89039853276 -2.71864266518 4.87565279789
8.7836304   -6.07495554088 5.94912291304 -2.64662609611 4.96196454501
8.6266499   -5.99704121487 6.00534640609 -2.58673732255 5.04545141741
8.4721899   -5.92506711269 6.05971883529 -2.53168243965 5.1258564499
8.3202105   -5.85772090937 6.11214697615 -2.4812146302 5.20303760415
8.1706696   -5.79055679737 6.16187212676 -2.4197274449 5.27937807219
8.0235205   -5.72342424163 6.20878581002 -2.37341881957 5.35263404849
7.8787398   -5.66001682307 6.25373700525 -2.32543600298 5.4236265971
7.73628     -5.59828965728 6.29791113429 -2.29283552473 5.49052785466
7.5960999   -5.53714812352 6.3395204194 -2.2437281094 5.55639801429
7.45818     -5.47904863617 6.37909746768 -2.19763684504 5.62096944483
7.3224602   -5.42177702161 6.41636228053 -2.15248516307 5.68432547728
7.18893     -5.36490129129 6.45355871585 -2.12557049224 5.74424393022
7.0575399   -5.31087357835 6.48958243289 -2.08252324079 5.80334692773
6.9282498   -5.26882540372 6.51641884041 -2.07925344101 5.85694026626
6.8010402   -5.21635259301 6.53974916823 -1.94112418172 5.92269123534
6.6758699   -5.16011567454 6.57433396858 -1.9666138452 5.97796426994
6.5527101   -5.10798394488 6.60849936603 -1.95956343186 6.02889588386
6.43153     -5.05859865479 6.64109836813 -1.93227674827 6.07838922478
6.3122902   -5.01036411342 6.67002316205 -1.88714548748 6.12854702464
6.1949601   -4.96540239676 6.69721899113 -1.8581615921 6.17755250128
6.0795202   -4.92144964619 6.72397314843 -1.8357657152 6.22486171828
5.96593     -4.87797994392 6.74986425707 -1.80656820682 6.27138885521
5.8541598   -4.83572708883 6.7744410144 -1.78153764427 6.31681025631
5.7441802   -4.79534340013 6.79741489507 -1.7521170838 6.36168613264
5.6359701   -4.75512599679 6.81955549718 -1.70925667722 6.40739632158
5.5295      -4.71626720828 6.84108137933 -1.68657125741 6.45186569236
5.4247298   -4.67894430118 6.86175325293 -1.66148676933 6.49547746156
5.32164     -4.64178026219 6.88222970686 -1.64231743691 6.53777191226
5.2202101   -4.60624319876 6.90224785729 -1.62191934249 6.57901423995
5.12041     -4.57109200558 6.92155919638 -1.5931082767 6.62007582207
5.0222001   -4.53681020818 6.94062063169 -1.58406520435 6.65923830785
4.92558     -4.50314959907 6.95910087926 -1.563315591 6.69771278279
4.8305001   -4.47085208432 6.97757497669 -1.54832852621 6.73509869167
4.7369499   -4.43938268402 6.99518946827 -1.52493278379 6.77218961941
4.6448998   -4.40880215214 7.01184865697 -1.50504120886 6.8087301273
4.5543299   -4.37851559134 7.02796944176 -1.48052230942 6.84513914229
4.46521     -4.34960834447 7.04307951309 -1.45417072987 6.88157697383
4.3775201   -4.3207025518 7.0587697836 -1.44971491339 6.9163171896
4.2912302   -4.29313105162 7.07433024018 -1.43188769441 6.95056217016
4.2063298   -4.26586909109 7.09005373094 -1.41957804472 6.98393963286
4.1227999   -4.23982587241 7.10404755388 -1.38930753164 7.01785625589
4.0405998   -4.21375804603 7.11804668518 -1.37896007151 7.05079847962
3.9597199   -4.18795127859 7.13139947835 -1.35757110578 7.08365365646
3.8801501   -4.16540955231 7.14236943181 -1.36314535453 7.11451821255
3.8018401   -4.14669227948 7.14797402033 -1.30333092657 7.14820200053
3.7248001   -4.12647202966 7.15407039741 -1.29348962883 7.18088509805
3.6489899   -4.10777426823 7.15896214363 -1.28823175779 7.21235377255
3.5743899   -4.09771453476 7.1589783474 -1.32469575032 7.24003660211
3.5009999   -4.0841427945 7.15937685558 -1.30090758674 7.26811131182
3.4287801   -4.0653612247 7.16703379724 -1.28693457734 7.29595262188
3.3577199   -4.04285736473 7.17738086765 -1.27591295723 7.32338934879
3.2878001   -4.02068272989 7.18818879756 -1.31844313449 7.3473982368
3.2190001   -4.00071733407 7.19681987071 -1.29001968613 7.37220825224
3.1513      -3.977237012 7.20726663133 -1.26505198098 7.39760318121
3.0847001   -3.95170814428 7.22278837903 -1.29754659827 7.42042217852
3.01916     -3.92789389494 7.23764193162 -1.29465896909 7.44275190226
2.95467     -3.90652058638 7.24974696132 -1.26907902253 7.46576526827
2.8912201   -3.88677346616 7.25921909839 -1.23599439478 7.48984583025
2.8287799   -3.86722905413 7.26913908766 -1.24981399011 7.51247690408
2.76735     -3.84863149554 7.2789950009 -1.23816876449 7.53506163907
2.7068999   -3.82991884174 7.28762646517 -1.22936403193 7.55746438183
2.6474199   -3.81255893018 7.29553737749 -1.21430788046 7.58000454552
2.5889001   -3.79551392131 7.30459980644 -1.21102634505 7.60208468007
2.5313101   -3.77886756269 7.31067549261 -1.19026812231 7.62460422231
2.4746499   -3.7623205514 7.3176552165 -1.19779377524 7.64613212286
2.4189      -3.74636160867 7.32362634721 -1.1836660301 7.6677861644
2.3640499   -3.73122079549 7.32995040939 -1.17927172452 7.68908814126
2.31007     -3.71603734006 7.33527103266 -1.18081965185 7.70978437159
2.2569599   -3.7012188767 7.34103389295 -1.1858185853 7.72975830089
2.2047      -3.68650403052 7.34798714832 -1.18619627914 7.74926663011
2.15328     -3.67164875997 7.35377733715 -1.18608708371 7.76836186814
2.10269     -3.65839850063 7.35854790389 -1.17231376333 7.78765135043
2.0529001   -3.64485196556 7.36371805977 -1.17403723694 7.80646349278
2.0039201   -3.63177081937 7.36740560316 -1.16021079342 7.82547492902
1.9557199   -3.61947811632 7.37145099654 -1.15749378307 7.84421118357
1.90829     -3.60607437317 7.3751543964 -1.17282383841 7.86194708247
1.86163     -3.59418034553 7.37936044472 -1.17338110104 7.87933863561
1.81572     -3.58290787416 7.38250760294 -1.17134009028 7.89650551751
1.77054     -3.5719398611 7.38319148781 -1.14616288879 7.91437125421
1.7260799   -3.56095971671 7.38547700089 -1.16925695086 7.9310154231
1.68234     -3.55008666927 7.38886159194 -1.17248849862 7.94727129028
1.6393      -3.54033700089 7.38951545423 -1.1557574539 7.96389694331
1.5969599   -3.53047273976 7.39088987215 -1.17708841039 7.97947989842
1.55529     -3.52132219384 7.39483445247 -1.17562334536 7.99489894688
1.51429     -3.512309847 7.39408595056 -1.17318237876 8.01019021371
1.47395     -3.50306883368 7.39417496002 -1.18349293452 8.02492531063
1.43425     -3.49412610292 7.39411583144 -1.17887272054 8.0396323401
1.39519     -3.48608081476 7.3920313747 -1.17857007257 8.05416344191
1.35676     -3.47763402185 7.39218543545 -1.19224860259 8.06807594226
1.3189501   -3.46932733012 7.39258091926 -1.20798421619 8.08135243657
1.28174     -3.46113268756 7.39206737083 -1.2116719281 8.09439191897
1.2451299   -3.45367641381 7.38975979366 -1.21566900455 8.10719118697
1.20911     -3.44627147821 7.38879559426 -1.22381149752 8.11964149556
1.17366     -3.4393507196 7.3891482937 -1.22631391743 8.13192085819
1.13878     -3.4323255872 7.38811409607 -1.22731241132 8.1440721731
1.10447     -3.42568155746 7.38497075799 -1.23651159641 8.15587295027
1.0707      -3.42065569033 7.38136706515 -1.25225110601 8.16717894466
1.03747     -3.41534642462 7.37874735719 -1.25796223442 8.17826927632
1.0047801   -3.40986684943 7.37637951135 -1.26219636216 8.1891815767
0.97261602  -3.40535781457 7.37432222316 -1.27877794455 8.19962788113
0.940965    -3.40119414 7.36910554787 -1.27320871997 8.21015415072
0.90982199  -3.39702281094 7.3660645479 -1.28650112143 8.22031184629
0.879179    -3.39200603593 7.36319987423 -1.30186093308 8.23007228855
0.84902698  -3.38752715637 7.3578404198 -1.300569607 8.23981942455
0.819359    -3.38340115075 7.35470722316 -1.31392614032 8.24923533611
0.79016799  -3.38006414949 7.34888619275 -1.31326614291 8.2586270095
0.76144397  -3.37579972919 7.34426839584 -1.32326831495 8.267770342
0.733181    -3.37250311188 7.33946923701 -1.33626701159 8.27661354313
0.70537198  -3.36994525285 7.33315109452 -1.33211419427 8.28551140828
0.67800897  -3.36676463221 7.32698990984 -1.34459528099 8.29412923027
0.65108502  -3.36379743535 7.32322638795 -1.35179800146 8.30257816933
0.62459397  -3.36094926277 7.31799025595 -1.35998887098 8.31084487918
0.59852701  -3.35881389132 7.31174468858 -1.36002413618 8.31908671879
0.572878    -3.35662027248 7.30505968935 -1.37270238085 8.32706813511
0.54764098  -3.35352945806 7.29965795629 -1.39610121979 8.33461172021
0.52280903  -3.35190073836 7.29401489749 -1.39396790484 8.34217646237
0.498375    -3.3489437811 7.28861943606 -1.40592791899 8.34951921589
0.474334    -3.34697618908 7.28288666699 -1.40769123225 8.35681531986
0.45067799  -3.34491406776 7.27803874785 -1.42094025125 8.36387751526
0.42740101  -3.34220011884 7.2712346779 -1.43458216997 8.37070832018
0.40449899  -3.33996162406 7.2641221367 -1.44151845178 8.37741848215
0.38196301  -3.33803511268 7.25947516342 -1.44458744639 8.38406970587
0.35978901  -3.33625653706 7.25472322571 -1.44678425455 8.3906737936
0.337971    -3.33454451448 7.24765806158 -1.45598197896 8.39712524949
0.31650299  -3.33355571955 7.24131661449 -1.46381194903 8.40344867126
0.29538     -3.3317114456 7.23447112533 -1.46844566578 8.40969118538
0.27459499  -3.33074992014 7.22837563493 -1.47466867374 8.41583191763
0.25414401  -3.32902251472 7.22401725279 -1.49488765779 8.42168118326
0.23402099  -3.32749783979 7.2178216225 -1.49323444076 8.4275409268
0.214221    -3.32611101809 7.21315616027 -1.5068351231 8.43320739383
0.194739    -3.32469888102 7.20720811661 -1.50496313452 8.43888650606
0.175569    -3.32323219377 7.20338885416 -1.51699840727 8.44439795789
0.156707    -3.32242750685 7.19570545331 -1.50658143879 8.45002830504
0.13814799  -3.32151207172 7.19082007978 -1.53227013573 8.45532202083
0.119886    -3.32058053124 7.18797476461 -1.53513581893 8.46056843873
0.101917    -3.31921568141 7.18181599866 -1.53839125767 8.46576180834
0.084236696 -3.31797766141 7.17706020763 -1.53579846299 8.47097227783
0.06684     -3.3164052084 7.1705623921 -1.55558220726 8.47593634755
0.0497224   -3.31568410948 7.16539576606 -1.5537213559 8.48090728481
0.032879502 -3.31415872231 7.15962916996 -1.56488582385 8.48573794927
0.016306801 -3.31389849629 7.15543426065 -1.56678454686 8.49053353528
1.72e-08    -3.31286560195 7.14953587546 -1.56679656932 8.49531388863
#boost_burst =5
17.0902     -11.3904869899 1.05672650988 -8.09941770516 -1.63496900679
16.7999     -11.1274937561 1.32776379726 -7.64240491675 -1.04003228395
16.514299   -10.9740084977 1.49753948134 -7.43572349887 -0.691778576297
16.233299   -10.8738902093 1.59843269105 -7.30586717045 -0.445787706915
15.9568     -10.6372738795 1.702446834 -7.1997308181 -0.251070190458
15.6847     -10.1719616526 1.8326240649 -7.08967700771 -0.08168318738
15.417      -10.1300837038 2.02822117873 -6.92740903723 0.0887912878795
15.1536     -10.0122648867 2.28648928887 -6.68263277328 0.288660563266
14.8944     -9.81859966064 2.50137441514 -6.4473696039 0.506057282397
14.6394     -9.58075705492 2.70439039596 -6.1433342861 0.764320987411
14.3885     -9.41522773221 2.90024855362 -5.99879921582 0.979319818238
14.1416     -9.24641539579 3.08758819636 -5.83391738507 1.17930429133
13.8986     -9.09264674115 3.24920423584 -5.54095471368 1.42045929155
13.6596     -8.88245394851 3.40251631665 -5.43493956672 1.61275018768
13.4243     -8.74462912967 3.55303624042 -5.31702990353 1.78334267824
13.1929     -8.54715796146 3.70086404282 -5.16186725314 1.95227461796
12.9652     -8.39737955924 3.84461208056 -4.98655880028 2.12673386802
12.7411     -8.25743661743 3.99126266571 -4.81988158487 2.30213816624
12.5206     -8.12868343793 4.1254281947 -4.67717853471 2.47029761163
12.3037     -7.99305087334 4.25661430909 -4.5683549109 2.6233400138
12.0902     -7.8561155459 4.38369246423 -4.40160075701 2.78377400776
11.8802     -7.72420620751 4.50600546698 -4.30439456931 2.92855906248
11.6735     -7.59701404637 4.62741805754 -4.19143092818 3.06745222519
11.4702     -7.46853604206 4.74195211682 -4.05703416148 3.20795461137
11.2701     -7.35950874523 4.8491061855 -3.93413401088 3.34654878663
11.0732     -7.24914403484 4.95527436928 -3.82582461594 3.47983949058
10.8795     -7.1314004924 5.0542231277 -3.72574175052 3.60722631889
10.6889     -7.02365397736 5.15226067522 -3.62271937476 3.73114036675
10.5013     -6.92439056481 5.24589916731 -3.53248088142 3.84945391765
10.3168     -6.8227732028 5.33459972832 -3.43838163315 3.96449208058
10.1352     -6.72692926429 5.41997395174 -3.34888689307 4.0761131961
9.9565496   -6.63518207764 5.50136069387 -3.25504756945 4.18607937284
9.7807503   -6.5456908444 5.5794435699 -3.17491091151 4.29180867437
9.6077805   -6.45847628784 5.65478024822 -3.09149145514 4.3950121681
9.4375696   -6.37069253629 5.72612086456 -3.01903168541 4.49402341782
9.2700996   -6.28783531122 5.79463467093 -2.94263463243 4.59059106181
9.10532     -6.20729777892 5.86026350225 -2.87530453208 4.68348852473
8.9431696   -6.12916134772 5.92320531928 -2.80841750903 4.77345155623
8.7836304   -6.05259893502 5.98242282528 -2.74089320736 4.86120420522
8.6266499   -5.97862623171 6.04001037062 -2.68369022531 4.94535933124
8.4721899   -5.90510450423 6.09532437321 -2.62628373036 5.02669730422
8.3202105   -5.8372003066 6.14840113853 -2.57039345063 5.10551927054
8.1706696   -5.76922193681 6.19940832405 -2.51703058084 5.1818942665
8.0235205   -5.70638959327 6.24771656292 -2.46442712605 5.25616167223
7.8787398   -5.6431729891 6.29349451405 -2.41353901305 5.32842675756
7.73628     -5.58079766455 6.33741880616 -2.36687726181 5.39841248036
7.5960999   -5.519669823 6.37932887644 -2.32097881858 5.46640564471
7.45818     -5.46074925453 6.41928210703 -2.27785161018 5.53234145799
7.3224602   -5.40218299437 6.45740555087 -2.23487313757 5.59654941982
7.18893     -5.34540415777 6.49458986028 -2.19972809369 5.65824707342
7.0575399   -5.29056922237 6.5305544326 -2.16114263746 5.71829570124
6.9282498   -5.24859157383 6.55589077067 -2.13891032376 5.77491470909
6.8010402   -5.19342916382 6.58784959719 -2.07363702689 5.83391674825
6.6758699   -5.13931313681 6.62089939294 -2.05220723391 5.88957169423
6.5527101   -5.08769985638 6.65313052459 -2.02502678662 5.94310092204
6.43153     -5.03922894553 6.68439857854 -1.99768423014 5.99483623468
6.3122902   -4.99150022308 6.71353875967 -1.96710250758 6.04538798085
6.1949601   -4.9456503667 6.74105216961 -1.93350869313 6.095233587
6.0795202   -4.9016039765 6.76720285963 -1.90693593497 6.14370679132
5.96593     -4.85941903013 6.79260778222 -1.87877781976 6.19115181696
5.8541598   -4.81727374971 6.81660973828 -1.85259897044 6.23749304131
5.7441802   -4.776670122 6.8393101402 -1.82596982201 6.28290801975
5.6359701   -4.73682250426 6.86180342751 -1.80297188594 6.3271491077
5.5295      -4.69895548437 6.88349072196 -1.77852606385 6.37049252532
5.4247298   -4.66069867632 6.90397043639 -1.75494886508 6.41296365369
5.32164     -4.6240451426 6.92445607866 -1.73325457082 6.45448358126
5.2202101   -4.58880041732 6.94411093477 -1.71033069693 6.4952644765
5.12041     -4.55459375443 6.96334667529 -1.68791266848 6.53533989185
5.0222001   -4.52074282541 6.9815342342 -1.66986616463 6.57441058134
4.92558     -4.48810959489 6.99933858084 -1.65063106012 6.61267453551
4.8305001   -4.45633574635 7.01658966439 -1.63077611766 6.65027458518
4.7369499   -4.42565583447 7.03328362939 -1.61273874327 6.68712247869
4.6448998   -4.39544732909 7.04885714267 -1.59583645079 6.72320344601
4.5543299   -4.36653650907 7.06462431622 -1.57874263345 6.7586054272
4.46521     -4.33841201826 7.07939682736 -1.56139161948 6.79341521424
4.3775201   -4.31088607677 7.09383213185 -1.54849932377 6.82734787827
4.2912302   -4.28428317403 7.10788024633 -1.53315078362 6.86067222763
4.2063298   -4.25805802796 7.12169852319 -1.5192404203 6.89333434611
4.1227999   -4.2324733275 7.13485989027 -1.50340682148 6.92552925933
4.0405998   -4.2073736238 7.14771703873 -1.48662544716 6.95737059858
3.9597199   -4.1828918218 7.16032875588 -1.47532279855 6.98849775782
3.8801501   -4.16247111132 7.16917827204 -1.46846644036 7.01867353479
3.8018401   -4.14441704469 7.17724669626 -1.44444416908 7.0491369665
3.7248001   -4.12521723722 7.18427760874 -1.42743462664 7.07938357868
3.6489899   -4.10767980564 7.18884519849 -1.41779362148 7.10894946745
3.5743899   -4.10047187173 7.18475782885 -1.42604791395 7.13675903984
3.5009999   -4.08901255983 7.18407428232 -1.4192869117 7.1639048748
3.4287801   -4.07216201442 7.18877104429 -1.41601684355 7.19024191644
3.3577199   -4.05166959206 7.1965640323 -1.40891081306 7.21605697088
3.2878001   -4.03323383739 7.2006439276 -1.42155088365 7.24029382936
3.2190001   -4.01537126037 7.20628639235 -1.41674507156 7.26403716173
3.1513      -3.99335475096 7.21581638998 -1.40271441037 7.28781014968
3.0847001   -3.97022604156 7.22538111446 -1.40911674145 7.31053919741
3.01916     -3.94855659086 7.23499029038 -1.40747286124 7.33272134083
2.95467     -3.92873143845 7.24334600372 -1.40167649007 7.35459878859
2.8912201   -3.91050232162 7.25183584003 -1.39188842194 7.37638088958
2.8287799   -3.89160837172 7.25887905138 -1.38884740065 7.39774937409
2.76735     -3.87449332775 7.26664483086 -1.38280890598 7.41886724491
2.7068999   -3.85776455277 7.27439158119 -1.37425487917 7.43987112694
2.6474199   -3.84110288117 7.2811754197 -1.36757475026 7.46067701083
2.5889001   -3.82459873661 7.28747373756 -1.36051028828 7.48130976512
2.5313101   -3.80894668265 7.29263552591 -1.35423220881 7.50174744677
2.4746499   -3.79351585417 7.29784501658 -1.35193939634 7.52181399141
2.4189      -3.77821167729 7.30266217543 -1.34799206221 7.54160481815
2.3640499   -3.76361315648 7.30720880358 -1.34348275437 7.56116003308
2.31007     -3.74978251621 7.31117780672 -1.33899453814 7.58049465706
2.2569599   -3.73626992005 7.3149823302 -1.33978547819 7.59938888291
2.2047      -3.72334739759 7.31956300749 -1.33603459329 7.61806202742
2.15328     -3.71017795487 7.32300023675 -1.33461400507 7.63642688368
2.10269     -3.69715162797 7.32509736225 -1.33341687263 7.65448956016
2.0529001   -3.68443470346 7.32836018255 -1.33244005041 7.67226186151
2.0039201   -3.67224583257 7.33098368996 -1.33003705487 7.68980756529
1.9557199   -3.66034099274 7.33362669544 -1.32988672995 7.70705497999
1.90829     -3.6487206133 7.33617171584 -1.32757391591 7.72410071998
1.86163     -3.63745594614 7.33741446466 -1.33024273643 7.74076013616
1.81572     -3.62654007465 7.33837216638 -1.33078752003 7.75713761981
1.77054     -3.61596872948 7.33935153475 -1.33175990033 7.77323152569
1.7260799   -3.6058504156 7.33957787381 -1.33416617272 7.78900443665
1.68234     -3.5962763471 7.34084975364 -1.33090452517 7.80466866547
1.6393      -3.58680463349 7.34094020132 -1.32999750313 7.82014703033
1.5969599   -3.57795093531 7.34016303456 -1.33598989234 7.83520421583
1.55529     -3.56901878073 7.34097033291 -1.33942821188 7.84995664816
1.51429     -3.56021510491 7.33963366851 -1.34308856475 7.86440771138
1.47395     -3.55197720895 7.33775030566 -1.34928916826 7.87849040923
1.43425     -3.54376407346 7.33841593506 -1.3533034766 7.89229371487
1.39519     -3.53593527451 7.33593117184 -1.35363314392 7.90594153863
1.35676     -3.52820966547 7.33461569421 -1.35706386778 7.91934228778
1.3189501   -3.52021130366 7.33238262164 -1.36340002621 7.93242125709
1.28174     -3.51258259632 7.33016593543 -1.36833611013 7.94523567769
1.2451299   -3.50523729985 7.32689798503 -1.37427624574 7.9577647574
1.20911     -3.49850933512 7.32526935517 -1.382128497 7.96996839601
1.17366     -3.49144701242 7.32353887767 -1.38559385756 7.98198473076
1.13878     -3.48469044854 7.32235503435 -1.38926519073 7.99380868104
1.10447     -3.47765614523 7.31762511754 -1.39757305632 8.00532524981
1.0707      -3.47296333919 7.31296614023 -1.40640524022 8.01653939938
1.03747     -3.46807826598 7.30933031099 -1.41278877234 8.02752533816
1.0047801   -3.46262308036 7.30568296405 -1.41527652708 8.03838122157
0.97261602  -3.45848001871 7.30228742968 -1.42412623655 8.04895817248
0.940965    -3.45452579893 7.29734980131 -1.43055384754 8.05932697327
0.90982199  -3.450696666 7.29184334591 -1.43927655411 8.06943854586
0.879179    -3.44581362667 7.28674300111 -1.44469412511 8.07937895574
0.84902698  -3.4424381746 7.28154760371 -1.44867720424 8.08918369927
0.819359    -3.43891004417 7.27647458167 -1.45642814609 8.09877312223
0.79016799  -3.43601021223 7.27045327388 -1.46352114582 8.10816872796
0.76144397  -3.43219678055 7.26421319694 -1.47256601054 8.11733532811
0.733181    -3.42904462363 7.25777247754 -1.48353041035 8.1262422296
0.70537198  -3.42596775578 7.25073426241 -1.49321269234 8.13492399567
0.67800897  -3.42325696739 7.24561533518 -1.49871899383 8.14347176061
0.65108502  -3.42026262631 7.24109920231 -1.50078302568 8.15195298227
0.62459397  -3.41786060169 7.23496905057 -1.50267055422 8.16036967108
0.59852701  -3.41581268618 7.22955390168 -1.508736897 8.16864447744
0.572878    -3.4134159745 7.22133906402 -1.52070081594 8.17666994282
0.54764098  -3.41123328189 7.21603395196 -1.53305121631 8.18444964861
0.52280903  -3.40926709765 7.20894307526 -1.54105660238 8.19206831791
0.498375    -3.40645480364 7.20395177831 -1.5502086258 8.19950974836
0.474334    -3.40471414369 7.19769076148 -1.55430700356 8.20686306385
0.45067799  -3.40226681747 7.1925745929 -1.56062137759 8.21409384569
0.42740101  -3.40046845763 7.18662852871 -1.57075652373 8.22114101828
0.40449899  -3.39886582562 7.17931352326 -1.57503951778 8.22810202899
0.38196301  -3.39726582669 7.17356578958 -1.58284081611 8.23492374039
0.35978901  -3.395756039 7.16608075205 -1.58908468042 8.24163259154
0.337971    -3.39411804232 7.16009916654 -1.5977131524 8.24819402871
0.31650299  -3.39293597099 7.15425954253 -1.60562687987 8.25462138227
0.29538     -3.39101057994 7.14659170639 -1.60930540127 8.26097947115
0.27459499  -3.38974537308 7.14219551996 -1.62180147267 8.26714312551
0.25414401  -3.38778932033 7.13607976815 -1.62530905727 8.27324239231
0.23402099  -3.38637216187 7.12970486995 -1.63138207731 8.27924229147
0.214221    -3.38482375282 7.12432165239 -1.63956279778 8.28511501066
0.194739    -3.38348840912 7.1190112809 -1.64826322612 8.29085714829
0.175569    -3.38192120802 7.11605943942 -1.65158049439 8.2965411007
0.156707    -3.38046275058 7.10933353686 -1.65426953247 8.3021744833
0.13814799  -3.3796511689 7.10308169383 -1.65844941274 8.30773781026
0.119886    -3.37841859989 7.09973009083 -1.66658526451 8.31318139785
0.101917    -3.37720430305 7.09444776661 -1.67364544709 8.31852122413
0.084236696 -3.37592566915 7.09118656587 -1.6788646866 8.32378171763
0.06684     -3.37460852691 7.08449771548 -1.68254554872 8.32898143274
0.0497224   -3.3729419095 7.07950793328 -1.69315931317 8.33403886459
0.032879502 -3.37111275944 7.07433209567 -1.69881139633 8.33901554202
0.016306801 -3.3706815441 7.07041631545 -1.69919996986 8.34397067049
1.72e-08    -3.3695909806 7.06450560698 -1.70185197207 8.34887883541
#boost_burst = 20 and nu_sf=0.5
17.0902     -10.7523409539 0.995590171954 -8.5071867944 -2.04273811664
16.7999     -10.6608435045 1.30728660114 -7.97784794938 -1.39274574828
16.514299   -10.5991056395 1.49477310469 -7.74607008621 -1.02061677813
16.233299   -10.5636759708 1.60905475658 -7.60221835026 -0.760277943139
15.9568     -10.5462307064 1.72820869791 -7.48633428327 -0.555276525785
15.6847     -10.4367976343 1.88522264879 -7.34751295288 -0.370365704
15.417      -10.1909196388 2.06014202309 -7.17565329207 -0.186345551045
15.1536     -9.96718182159 2.31192725557 -6.95385311432 0.0149724164463
14.8944     -9.71470005085 2.5267081921 -6.72671123709 0.230151479681
14.6394     -9.58862875686 2.74747449332 -6.50806350938 0.450826306629
14.3885     -9.39645778108 2.94475525668 -6.30114609147 0.670212059381
14.1416     -9.12935455223 3.12602759188 -6.11060458886 0.882443929409
13.8986     -8.96696264244 3.27764741556 -5.44462644516 1.33513119639
13.6596     -8.8159721936 3.43395613106 -5.48227405633 1.54139892227
13.4243     -8.70268482443 3.58536322944 -5.3156184124 1.73698954009
13.1929     -8.56061440804 3.7351393801 -5.21997865978 1.90216699254
12.9652     -8.39796033833 3.88476761837 -5.08290475029 2.06186773483
12.7411     -8.26020783194 4.03737329941 -4.92305297973 2.22491507097
12.5206     -8.10775555215 4.1727240559 -4.7569270593 2.39226534441
12.3037     -7.96446422351 4.30583151688 -4.65569721544 2.54256345343
12.0902     -7.84055012751 4.4324374826 -4.39791676777 2.73087888179
11.8802     -7.70254577303 4.55639543921 -4.34315514098 2.87971805884
11.6735     -7.57104667254 4.68109307874 -4.27616762547 3.00907718893
11.4702     -7.44583980748 4.796627391 -4.07092996344 3.16233613738
11.2701     -7.33434300015 4.90243359984 -3.89610190918 3.32543011039
11.0732     -7.2135257183 5.00850997224 -3.80501600706 3.47020105575
10.8795     -7.1054830962 5.11010345859 -3.71361675663 3.6032246925
10.6889     -6.9987160012 5.21205535989 -3.65309967978 3.72073878731
10.5013     -6.89937045658 5.30981396173 -3.56731912214 3.83334849674
10.3168     -6.80093580053 5.40246056441 -3.45989500322 3.94713419808
10.1352     -6.70320863916 5.48899262741 -3.33250563903 4.06663495353
9.9565496   -6.60864568004 5.57126700623 -3.22514030885 4.18572669759
9.7807503   -6.51609255523 5.65207001962 -3.16110879557 4.29455399758
9.6077805   -6.4265259717 5.73068141564 -3.08313342228 4.39895063413
9.4375696   -6.33789223266 5.80519473577 -3.00707204775 4.49960924156
9.2700996   -6.25568482555 5.87741366557 -2.9302984524 4.59753120892
9.10532     -6.17717432474 5.94732680301 -2.86558105824 4.69096590821
8.9431696   -6.10118419741 6.01412650009 -2.79770308925 4.78153657362
8.7836304   -6.02664298891 6.07695188197 -2.72529093738 4.87067413378
8.6266499   -5.95236075465 6.13833934577 -2.67074924553 4.95544275693
8.4721899   -5.88101910552 6.19742041124 -2.60587823661 5.03856112497
8.3202105   -5.81064804942 6.25352952609 -2.54242166976 5.12009828694
8.1706696   -5.74398340327 6.30739573295 -2.48415957354 5.19947589762
8.0235205   -5.67749232845 6.35804296415 -2.42461323411 5.27731422623
7.8787398   -5.61297207644 6.40654189623 -2.37424419007 5.35240991028
7.73628     -5.55144291621 6.45407506792 -2.33540089483 5.42351891677
7.5960999   -5.49078050499 6.49943170188 -2.28789756843 5.49267685628
7.45818     -5.43232529895 6.54252599866 -2.23945101092 5.56034202184
7.3224602   -5.37485085322 6.58323557796 -2.18985871057 5.626928071
7.18893     -5.31889898581 6.62289664431 -2.1527091631 5.6908663848
7.0575399   -5.26357683819 6.66048659742 -2.10798522005 5.75362251063
6.9282498   -5.22041725889 6.69097615499 -2.0987895773 5.81083028937
6.8010402   -5.16828517345 6.71883300874 -1.98355481011 5.87710009224
6.6758699   -5.11321736066 6.75297035984 -1.98818325884 5.93531475212
6.5527101   -5.06045882883 6.78681078786 -1.97191283355 5.98970510638
6.43153     -5.01082839778 6.81929920315 -1.94494040152 6.04213462201
6.3122902   -4.96191211756 6.84922575482 -1.9105122458 6.09371736867
6.1949601   -4.91582094896 6.87683320454 -1.87424612022 6.14476180199
6.0795202   -4.87095963444 6.90320174763 -1.85202636014 6.19380634203
5.96593     -4.82696362058 6.92830592341 -1.82320654765 6.2418209656
5.8541598   -4.7838521817 6.95204657816 -1.796367327 6.28872799887
5.7441802   -4.74214418079 6.97435113362 -1.76727760771 6.3348896019
5.6359701   -4.70183277171 6.9964731653 -1.74399305284 6.37981278472
5.5295      -4.66304117738 7.01732776411 -1.71733928097 6.4239737048
5.4247298   -4.62463588632 7.03724173651 -1.69530071657 6.46702255557
5.32164     -4.5878063549 7.05687670178 -1.67641992944 6.50879618561
5.2202101   -4.55175522778 7.07532028698 -1.65245979225 6.54989724903
5.12041     -4.51619656838 7.09287839346 -1.62984925594 6.59027624639
5.0222001   -4.48170208594 7.10974921524 -1.6097405212 6.62979580735
4.92558     -4.44789244231 7.12621898498 -1.59268980678 6.66827635243
4.8305001   -4.41479674586 7.14215691817 -1.57505996165 6.70588558786
4.7369499   -4.38278496182 7.15785017319 -1.55764419361 6.74269162097
4.6448998   -4.35200722363 7.17270631817 -1.54295166308 6.77855916504
4.5543299   -4.3217093408 7.18699311493 -1.52089840962 6.81415647455
4.46521     -4.29309385691 7.20097124859 -1.50512514187 6.84902109089
4.3775201   -4.26419825728 7.21484519399 -1.49641968801 6.8826901495
4.2912302   -4.23635774512 7.22834720198 -1.48406822463 6.91555561071
4.2063298   -4.20967044619 7.24202546326 -1.46743827039 6.94799577768
4.1227999   -4.18349350437 7.25470114304 -1.4504361604 6.98007038399
4.0405998   -4.15822124516 7.26707279206 -1.43494116086 7.01170961696
3.9597199   -4.13328049738 7.27906255349 -1.41789992895 7.04305124843
3.8801501   -4.11128792039 7.28907353734 -1.41962219689 7.07284537377
3.8018401   -4.0925472658 7.29428473609 -1.37975163056 7.10402900158
3.7248001   -4.07349411412 7.29910998476 -1.35429550055 7.13552835706
3.6489899   -4.05600573937 7.30261400278 -1.34777089435 7.16602020879
3.5743899   -4.04597727162 7.3003966365 -1.37412891956 7.19351253485
3.5009999   -4.03405224011 7.29870644693 -1.3631015489 7.22062182557
3.4287801   -4.01669329854 7.30347551046 -1.35681302645 7.24710534708
3.3577199   -3.99541397138 7.31186415986 -1.34718678698 7.27320254995
3.2878001   -3.97448106177 7.32019521746 -1.38140636213 7.29653296158
3.2190001   -3.95576991102 7.32720077728 -1.36916443837 7.31981980289
3.1513      -3.93382887003 7.33608730527 -1.34284229577 7.34381134274
3.0847001   -3.9096401467 7.34820720276 -1.36892194512 7.36574801095
3.01916     -3.88674945793 7.36017440507 -1.37285543351 7.38692851514
2.95467     -3.86656962217 7.37079638528 -1.36380969172 7.40801768247
2.8912201   -3.84766779179 7.38041796945 -1.34947627929 7.42926716595
2.8287799   -3.82879665301 7.38863892538 -1.3447513905 7.45021818117
2.76735     -3.810954835 7.3968812066 -1.33658862787 7.47104074709
2.7068999   -3.79376646317 7.40485013283 -1.32728736939 7.49179985188
2.6474199   -3.77670351946 7.41196480262 -1.32473957136 7.51218481433
2.5889001   -3.76049562649 7.41933498039 -1.31457910057 7.53256009502
2.5313101   -3.74473188818 7.42525039834 -1.30676825331 7.55282441791
2.4746499   -3.72940092434 7.43141367749 -1.30860871616 7.57254318058
2.4189      -3.71369256042 7.43635647261 -1.3011930396 7.59216078629
2.3640499   -3.69926094903 7.44233908374 -1.29956279785 7.61142519464
2.31007     -3.6848030912 7.44677209447 -1.29284970998 7.63058163532
2.2569599   -3.67143133424 7.45186119968 -1.29673277439 7.64917829815
2.2047      -3.65761317139 7.4567946804 -1.29424951673 7.66751761128
2.15328     -3.64408378098 7.46065217665 -1.28925133488 7.68571400551
2.10269     -3.6309910923 7.46410665642 -1.28999093622 7.70353869455
2.0529001   -3.61793605019 7.46819962201 -1.2902139336 7.72103961428
2.0039201   -3.60547338985 7.47194664358 -1.29044875053 7.73822426505
1.9557199   -3.59344333763 7.47604211842 -1.29409582888 7.75498582239
1.90829     -3.58175859856 7.47848675751 -1.28465671387 7.77183922356
1.86163     -3.56998292677 7.48105544541 -1.29483311458 7.78804198872
1.81572     -3.5585630086 7.48285409106 -1.29096712276 7.80414513787
1.77054     -3.54782335133 7.48483149057 -1.29134028684 7.8200011967
1.7260799   -3.53764940824 7.48690378362 -1.29400088037 7.83554065472
1.68234     -3.52733348784 7.48939095907 -1.29941466569 7.85067968709
1.6393      -3.51751779143 7.49085275053 -1.29565950318 7.86575418911
1.5969599   -3.50766062056 7.49149005615 -1.30576072979 7.88029662389
1.55529     -3.49900561249 7.49470102705 -1.3084894881 7.89458500607
1.51429     -3.48995574729 7.49476926717 -1.31015150199 7.90865843817
1.47395     -3.48118045684 7.49512965707 -1.3220679391 7.92220834217
1.43425     -3.47234515037 7.49622432597 -1.32088821667 7.93566258661
1.39519     -3.46433040135 7.49628398308 -1.32200623303 7.94895119986
1.35676     -3.45613735032 7.49621804811 -1.32431690235 7.96204432209
1.3189501   -3.44805958285 7.4965193458 -1.33746147933 7.97463387197
1.28174     -3.43985276701 7.49572650743 -1.33874356396 7.98708645043
1.2451299   -3.4320184762 7.49369093062 -1.34399918949 7.99929006115
1.20911     -3.42480177043 7.49345873889 -1.35815856393 8.01101617695
1.17366     -3.41766146141 7.49362797154 -1.36131750641 8.02258210325
1.13878     -3.41034145671 7.49324038741 -1.36105931727 8.03407849528
1.10447     -3.40369792538 7.49159671455 -1.37064239272 8.04524984349
1.0707      -3.3981429976 7.48866106099 -1.38392061574 8.05602819117
1.03747     -3.39343781555 7.48633799422 -1.38285982762 8.066776992
1.0047801   -3.38773397452 7.48467335133 -1.39285654032 8.07722482269
0.97261602  -3.38292722167 7.48219942193 -1.39942545494 8.08746552539
0.940965    -3.37860998872 7.47933439779 -1.40450938813 8.0975439953
0.90982199  -3.374108982 7.47674707353 -1.42261441292 8.10717145966
0.879179    -3.36883968241 7.47381695213 -1.43289654155 8.11654076462
0.84902698  -3.3646730393 7.4706654529 -1.43545210995 8.12582553117
0.819359    -3.36037329882 7.4671635266 -1.43686097029 8.13504881778
0.79016799  -3.35684934122 7.46309904762 -1.43724617877 8.14423316768
0.76144397  -3.35182479181 7.45934879264 -1.45347238573 8.15305243736
0.733181    -3.34798884994 7.45500823457 -1.46541835707 8.16160964438
0.70537198  -3.34483865051 7.45173509978 -1.47394154975 8.16997905326
0.67800897  -3.34118989091 7.4470830975 -1.4764994026 8.1782803018
0.65108502  -3.33789359859 7.44363402696 -1.4757143682 8.18657573768
0.62459397  -3.33494876613 7.43840483676 -1.47877998734 8.19478990413
0.59852701  -3.33207217254 7.43346685907 -1.49300019143 8.20271954329
0.572878    -3.32946336818 7.42869789392 -1.50235189208 8.21046276459
0.54764098  -3.32645618742 7.42435225488 -1.51499553134 8.21796827058
0.52280903  -3.3237752633 7.42040511404 -1.5249427471 8.22529004008
0.498375    -3.32008746188 7.41584905767 -1.53369234022 8.23245288262
0.474334    -3.31728866168 7.411950804 -1.5413604508 8.23947847887
0.45067799  -3.31431037476 7.40736395843 -1.54394179598 8.24645104102
0.42740101  -3.31167944842 7.4019110187 -1.54683560915 8.25336403816
0.40449899  -3.30934425973 7.39614495743 -1.56306094536 8.26001059473
0.38196301  -3.30688728968 7.39288974694 -1.57180192479 8.26651474453
0.35978901  -3.30484900774 7.3874790997 -1.5661618606 8.27309229957
0.337971    -3.30224491003 7.38122529005 -1.5790598735 8.27946362134
0.31650299  -3.30026296247 7.37533974197 -1.58548683829 8.28572972261
0.29538     -3.29845964642 7.37026714379 -1.5843622204 8.29199857196
0.27459499  -3.29653577757 7.36630609861 -1.6060491588 8.29795062344
0.25414401  -3.29409837473 7.36015648438 -1.61413859909 8.3037818989
0.23402099  -3.29213403418 7.35611869872 -1.6238776217 8.30947375878
0.214221    -3.28957115994 7.35098210776 -1.63070928372 8.31506597903
0.194739    -3.28809459645 7.34710775319 -1.63152575975 8.32063658657
0.175569    -3.28605321502 7.34457880823 -1.63686296648 8.32612789976
0.156707    -3.28422380307 7.33915552576 -1.6404499392 8.33156188627
0.13814799  -3.28347558411 7.33355747123 -1.63619507845 8.33703440598
0.119886    -3.28187012203 7.32985844879 -1.65261292165 8.3422910023
0.101917    -3.28035043465 7.32690387619 -1.65982349963 8.34744719022
0.084236696 -3.2785116124 7.32192014867 -1.6590504926 8.35259839571
0.06684     -3.27687989192 7.31728189374 -1.67106169868 8.35759540695
0.0497224   -3.27554391136 7.3133744377 -1.68106110654 8.3624655518
0.032879502 -3.2737528586 7.30913841252 -1.69041616725 8.36721836161
0.016306801 -3.27280711301 7.30400249567 -1.68086417824 8.37206276659
1.72e-08    -3.27147130565 7.29807058867 -1.68378931715 8.37685942403
