#redshift LBT/Gyr log(rho_SFR) log(rho_sfr_d) log(rho_sfr_b)
16.7999 13.5795 -7.46816613412 -8.68725112969 -7.49521528893
16.5144 13.5739 -7.60441150322 -8.10987198094 -7.76699773798
16.2334 13.5681 -7.0629408875 -7.99191427821 -7.11735798904
15.9569 13.5622 -7.13180103659 -7.46361637972 -7.40408422451
15.6847 13.5561 -6.73720126467 -7.17344493925 -6.93527097875
15.4171 13.5499 -6.65684422183 -6.94888471794 -6.96705373154
15.1535 13.5435 -6.4008721708 -6.7497910409 -6.65877336868
14.8945 13.5369 -6.0920953058 -6.5738358162 -6.26589523162
14.6394 13.5302 -5.84594663028 -6.41967581238 -5.98075510561
14.3884 13.5234 -5.8018375449 -6.20333475031 -6.02133091432
14.1417 13.5164 -5.61340945098 -6.02262414844 -5.82790113834
13.8987 13.5092 -5.37492724472 -5.86977623025 -5.54241881962
13.6595 13.5018 -5.21002429118 -5.72368664526 -5.36893680355
13.4244 13.4942 -5.06510445395 -5.57565582998 -5.22539860397
13.1929 13.4865 -4.92115313696 -5.43623341499 -5.07944064678
12.9651 13.4785 -4.76670242816 -5.30243354079 -4.91621056989
12.7412 13.4704 -4.63324137105 -5.16000960744 -4.78648701091
12.5206 13.4621 -4.48851293996 -5.03433353423 -4.63394193112
12.3037 13.4535 -4.38195753419 -4.89720811593 -4.54017017386
12.0902 13.4448 -4.27484123091 -4.76092672483 -4.44651881523
11.8801 13.4358 -4.14598471651 -4.64269411956 -4.31260354777
11.6735 13.4267 -4.02620052012 -4.5321654479 -4.18855789097
11.4702 13.4173 -3.92153250425 -4.42314556392 -4.08587706393
11.2701 13.4076 -3.82473215094 -4.31258988212 -3.99555309251
11.0732 13.3977 -3.72428334817 -4.21101323993 -3.89564885103
10.8794 13.3876 -3.62836599992 -4.11108598467 -3.8016847295
10.6889 13.3773 -3.54628947979 -4.0126749452 -3.72784982304
10.5014 13.3667 -3.45753175335 -3.91937554249 -3.64146812344
10.3168 13.3558 -3.37543572016 -3.83045750498 -3.56301324674
10.1352 13.3446 -3.2957490882 -3.7426406169 -3.48778274216
9.9565 13.3332 -3.21878422287 -3.65883743984 -3.41466767657
9.78074 13.3215 -3.14830239914 -3.57676482926 -3.35093300725
9.60783 13.3096 -3.07346039552 -3.49872348515 -3.27800431475
9.43754 13.2973 -3.00926986298 -3.42285212605 -3.22099492449
9.2701 13.2847 -2.94171764433 -3.35140008521 -3.15591086107
9.1053 13.2718 -2.87558554095 -3.28375020665 -3.09074918375
8.94313 13.2586 -2.81057793572 -3.2188174723 -3.02569357751
8.78359 13.2451 -2.75116233206 -3.15512825731 -2.96903975872
8.62668 13.2312 -2.69730191857 -3.09279748998 -2.9207879703
8.47221 13.2171 -2.63875958299 -3.03472563685 -2.86192930462
8.32019 13.2025 -2.58511272588 -2.97860296087 -2.80995352391
8.17069 13.1876 -2.53922795081 -2.9233561633 -2.77053479312
8.02356 13.1724 -2.48912997532 -2.87101336716 -2.72202271794
7.87871 13.1567 -2.44124315582 -2.82146108801 -2.675321583
7.73629 13.1407 -2.39593410986 -2.77368221697 -2.63178529019
7.59609 13.1243 -2.35195773584 -2.72825007396 -2.58886196871
7.45816 13.1075 -2.30819954799 -2.68457557996 -2.54504307465
7.32244 13.0902 -2.26708757483 -2.6427208926 -2.50447052554
7.18894 13.0726 -2.23106957203 -2.60161618335 -2.47219018137
7.05756 13.0545 -2.19258173921 -2.56338723404 -2.43351028148
6.92827 13.036 -2.15672120449 -2.52606312089 -2.39873821349
6.80104 13.017 -2.12034402832 -2.49049282449 -2.36176016795
6.67589 12.9976 -2.08274483461 -2.45716367362 -2.32101328746
6.5527 12.9777 -2.04847692639 -2.42502698829 -2.28519428732
6.43152 12.9573 -2.01521326287 -2.39419923433 -2.25017378322
6.31229 12.9364 -1.98609743991 -2.36418605791 -2.22170318264
6.19497 12.915 -1.956267723 -2.33567399528 -2.19092682205
6.0795 12.8931 -1.92984649726 -2.30759344384 -2.16569851465
5.96592 12.8706 -1.90102095063 -2.28126078524 -2.13508373432
5.85415 12.8476 -1.87394509002 -2.2558372548 -2.10683160751
5.74418 12.824 -1.84925962652 -2.23137413504 -2.08198844491
5.63596 12.7999 -1.82318834096 -2.20764259784 -2.05426600272
5.5295 12.7751 -1.79836589373 -2.18480761857 -2.02805285167
5.42471 12.7498 -1.77385570469 -2.16291904908 -2.00172465613
5.32163 12.7238 -1.7516393335 -2.14175233782 -1.97878556824
5.22022 12.6972 -1.73000542223 -2.12082535682 -1.95666657645
5.1204 12.67 -1.70596337709 -2.10149095631 -1.9294278901
5.02221 12.6421 -1.68455918213 -2.0820406057 -1.90671392438
4.92557 12.6135 -1.66438626464 -2.06346580914 -1.88547698143
4.8305 12.5843 -1.6443245192 -2.04545131981 -1.8640616584
4.73694 12.5543 -1.6269718813 -2.02778658925 -1.84691468189
4.6449 12.5236 -1.60789293544 -2.010467333 -1.82667934082
4.55432 12.4921 -1.58781964365 -1.9943323778 -1.80404583412
4.4652 12.4599 -1.56956085512 -1.97858584677 -1.78417374539
4.37753 12.4269 -1.55404816186 -1.96289078651 -1.76877764813
4.29123 12.3931 -1.53971229203 -1.947370778 -1.75520081207
4.20633 12.3585 -1.52120633466 -1.93297811528 -1.7340727314
4.12279 12.3231 -1.50879935221 -1.91786208052 -1.72338812564
4.0406 12.2867 -1.49629657486 -1.90293469991 -1.71244187878
3.95973 12.2496 -1.48280068005 -1.88868429031 -1.69943328335
3.88014 12.2115 -1.46943578855 -1.87532868456 -1.68606238623
3.80185 12.1725 -1.45220648705 -1.86347639726 -1.66539064145
3.7248 12.1326 -1.44141713564 -1.85115914548 -1.65557237876
3.64898 12.0917 -1.43237389024 -1.83895430338 -1.6485564179
3.5744 12.0498 -1.42254191545 -1.82749566074 -1.6397769883
3.501 12.0069 -1.4155089855 -1.81523151312 -1.63617344076
3.42878 11.963 -1.40480354928 -1.8043030906 -1.62561571302
3.35772 11.918 -1.38944729593 -1.79561227306 -1.60589801698
3.2878 11.872 -1.37620041512 -1.78700845782 -1.58967753003
3.219 11.8248 -1.36518908595 -1.77822296065 -1.57725903516
3.15131 11.7766 -1.36868018604 -1.76319878905 -1.59282493962
3.0847 11.7272 -1.35899313826 -1.75207189609 -1.58411321747
3.01916 11.6766 -1.34981374319 -1.74180492276 -1.5756741362
2.95466 11.6248 -1.34163823121 -1.73227892968 -1.5684222475
2.89122 11.5718 -1.33416393796 -1.72284964935 -1.56229362165
2.82878 11.5175 -1.32549385271 -1.71427087495 -1.55356045676
2.76734 11.4619 -1.31296671889 -1.70768238706 -1.53697840529
2.7069 11.4051 -1.30981181941 -1.69938592263 -1.5373287324
2.64743 11.3469 -1.30666255076 -1.69203532653 -1.53709614671
2.5889 11.2873 -1.3049972423 -1.6841206544 -1.53985914113
2.53131 11.2264 -1.29787405137 -1.6777460499 -1.53219973631
2.47465 11.164 -1.2947982222 -1.67148330793 -1.53141775557
2.4189 11.1001 -1.29097125946 -1.66607747005 -1.52873800935
2.36405 11.0348 -1.29005794157 -1.66018456998 -1.53149056315
2.31006 10.9679 -1.28808306058 -1.65573658429 -1.53136371345
2.25696 10.8996 -1.29057160317 -1.65054525753 -1.53971029536
2.2047 10.8296 -1.28925347743 -1.64604840658 -1.54087100212
2.15328 10.758 -1.29049112081 -1.64143289889 -1.54675877645
2.10269 10.6848 -1.28880619484 -1.63719711224 -1.54713599612
2.0529 10.6099 -1.28636478567 -1.63396317854 -1.54533975145
2.00391 10.5333 -1.28764646016 -1.63064607003 -1.55040770548
1.95572 10.455 -1.28818770682 -1.62766305812 -1.5539006216
1.9083 10.3749 -1.29499402817 -1.623913873 -1.56981765827
1.86163 10.293 -1.29520773508 -1.62171190341 -1.57217535398
1.81571 10.2092 -1.29958642221 -1.61860347535 -1.58334479284
1.77054 10.1236 -1.30021450916 -1.61695635318 -1.58608128709
1.72608 10.0361 -1.30442858927 -1.61529130368 -1.59584356577
1.68235 9.94665 -1.30725360559 -1.61348957043 -1.60313929854
1.6393 9.85521 -1.31104775965 -1.61241165943 -1.61174410773
1.59696 9.76179 -1.31628576279 -1.61097433547 -1.62375115057
1.55529 9.66634 -1.32135255643 -1.60926145307 -1.63591245464
1.51429 9.5688 -1.32165909706 -1.60893675613 -1.6368911907
1.47394 9.46917 -1.32652046211 -1.60846407438 -1.64751436304
1.43425 9.36741 -1.33419850846 -1.60889711671 -1.66326000293
1.39519 9.26348 -1.34060762275 -1.60916986815 -1.67673020274
1.35676 9.15736 -1.34301329009 -1.60992790633 -1.68106877269
1.31895 9.04902 -1.34870623875 -1.61207002214 -1.69098214671
1.28174 8.93841 -1.35714044336 -1.61355122119 -1.70790430316
1.24513 8.82551 -1.36839569177 -1.61467323315 -1.73209040269
1.20911 8.71031 -1.3759885812 -1.61550373613 -1.74870745666
1.17366 8.59275 -1.37978932402 -1.61711346743 -1.75550350509
1.13878 8.47282 -1.38500914853 -1.61941015061 -1.76477586609
1.10447 8.3505 -1.39031935038 -1.62231739407 -1.77346674152
1.0707 8.22575 -1.39283842908 -1.6258627171 -1.77453650707
1.03747 8.09856 -1.40250030164 -1.62850408648 -1.79428135589
1.00478 7.9689 -1.41006938285 -1.63139010014 -1.80880264572
0.972616 7.83673 -1.42008226403 -1.63448440954 -1.82943719891
0.940964 7.70205 -1.42735053408 -1.637617392 -1.84326394452
0.909822 7.56485 -1.43316496739 -1.64130756053 -1.8525110551
0.87918 7.42509 -1.44142918012 -1.64479392785 -1.86865956317
0.849027 7.28275 -1.4494052163 -1.64844274689 -1.88397915403
0.819359 7.13784 -1.45755461818 -1.65256347907 -1.89914663527
0.790167 6.99033 -1.46089631921 -1.65756120457 -1.89958185119
0.761444 6.84021 -1.47257991659 -1.66251039652 -1.92327936397
0.73318 6.68747 -1.48165891279 -1.66684397315 -1.94114462278
0.705373 6.53211 -1.48435574571 -1.67298929704 -1.93742940909
0.67801 6.37412 -1.49450721616 -1.67805583395 -1.95708725268
0.651086 6.21348 -1.49973671129 -1.6837229068 -1.96148603208
0.624592 6.05021 -1.51070620304 -1.68939532654 -1.98267788891
0.598527 5.88431 -1.51885944937 -1.69480436999 -1.99627352897
0.572879 5.71577 -1.5267245656 -1.70050311 -2.00850852798
0.54764 5.54459 -1.5350346533 -1.70614717375 -2.02228795613
0.522809 5.3708 -1.54309744988 -1.71211788765 -2.03471537403
0.498374 5.19438 -1.55734524438 -1.71694589683 -2.06945411834
0.474333 5.01536 -1.55738313971 -1.72401783371 -2.05405862369
0.450678 4.83376 -1.57036700324 -1.72894961064 -2.0847769713
0.427401 4.64957 -1.57401723332 -1.73592075608 -2.08098503505
0.404498 4.46283 -1.58667025645 -1.74089304941 -2.11113786745
0.381964 4.27355 -1.58903889081 -1.74793696704 -2.10273392055
0.359789 4.08174 -1.59790715527 -1.75449059487 -2.11688758217
0.337972 3.88744 -1.60977209033 -1.7604006462 -2.14278874248
0.316503 3.69066 -1.61526668586 -1.76760694751 -2.14418215227
0.29538 3.49145 -1.62862748466 -1.77267177813 -2.17794904909
0.274595 3.28981 -1.63151769645 -1.77882115908 -2.17266101682
0.254145 3.08581 -1.64124756808 -1.78471537878 -2.19203835065
0.234021 2.87944 -1.65062442873 -1.79000665993 -2.21203015488
0.214221 2.67076 -1.64985995898 -1.79685743646 -2.19176198355
0.194739 2.4598 -1.65895219188 -1.80273252243 -2.20894563069
0.175569 2.24658 -1.66794061176 -1.8080753535 -2.22736404257
0.156707 2.03118 -1.67500944477 -1.81347701438 -2.23884152379
0.138147 1.81359 -1.68219134397 -1.81839417969 -2.25211255735
0.119886 1.59389 -1.68591653128 -1.82298536381 -2.25349551162
0.101917 1.3721 -1.68631644743 -1.82983881185 -2.23696789812
0.0842365 1.14826 -1.70117758725 -1.83388901174 -2.28072086833
0.0668396 0.922425 -1.70654458916 -1.8400277228 -2.28393596415
0.0497222 0.694639 -1.70996565815 -1.84481330513 -2.28358723855
0.0328797 0.464949 -1.71927478656 -1.84865052099 -2.30828945386
0.0163066 0.23338 -1.72252662858 -1.85524255968 -2.30205730085
0.0 9.53674e-07 -1.72315116019 -1.86066301767 -2.28953856681
