#redshift LBT/Gyr log10(SMD) log10(SMD_d) log10(SMD_b)
16.7999 13.5795 -0.966681544249 -1.90060127378 -1.02044260825
16.5144 13.5739 -0.735150791865 -1.4398877105 -0.830630962634
16.2334 13.5681 -0.341914873112 -1.16596216999 -0.412471500938
15.9569 13.5622 -0.159875567253 -0.74809850293 -0.289526390237
15.6847 13.5561 0.112156014242 -0.398688480608 -0.048007345778
15.4171 13.5499 0.309003234771 -0.108868065336 0.0999513186548
15.1535 13.5435 0.532736299351 0.143953911776 0.304673401096
14.8945 13.5369 0.797271615 0.368532787119 0.594805248197
14.6394 13.5302 1.05834544544 0.570001635702 0.887758554394
14.3884 13.5234 1.23804795172 0.781117255864 1.05149814173
14.1417 13.5164 1.42422737221 0.984534059768 1.22813866048
13.8987 13.5092 1.63347197439 1.18074917554 1.44464745082
13.6595 13.5018 1.83016180007 1.35622076092 1.65247165745
13.4244 13.4942 2.01216636578 1.52603607536 1.8405104986
13.1929 13.4865 2.18505263112 1.68962646121 2.01783240816
12.9651 13.4785 2.35530427974 1.849298531 2.19296541205
12.7412 13.4704 2.51712617767 2.00532146579 2.35739037507
12.5206 13.4621 2.67702563723 2.15901044079 2.52002250962
12.3037 13.4535 2.8241446341 2.30841389784 2.66614285608
12.0902 13.4448 2.9630294484 2.45936997249 2.79962295506
11.8801 13.4358 3.10205172013 2.60117364575 2.93736866962
11.6735 13.4267 3.23867554393 2.73875459678 3.07355044044
11.4702 13.4173 3.36956175727 2.87278703 3.20297347069
11.2701 13.4076 3.49452475723 3.00349478435 3.32522430668
11.0732 13.3977 3.61600565298 3.13320783669 3.44272509112
10.8794 13.3876 3.73388983016 3.2583888599 3.55698615634
10.6889 13.3773 3.84582128793 3.37611071759 3.66597672061
10.5014 13.3667 3.95495379782 3.49164147378 3.77178985309
10.3168 13.3558 4.06048737211 3.60315541941 3.87415270817
10.1352 13.3446 4.16275246915 3.71129668114 3.97323633523
9.9565 13.3332 4.26198867732 3.81639728734 4.06923034659
9.78074 13.3215 4.35751057117 3.91919551729 4.16063334509
9.60783 13.3096 4.45103000935 4.01998458934 4.24992779625
9.43754 13.2973 4.54103939393 4.11761437079 4.33538600352
9.2701 13.2847 4.62878367221 4.21198633014 4.41906642527
9.1053 13.2718 4.71454501514 4.30287194322 4.50161616866
8.94313 13.2586 4.79849425628 4.39223896882 4.58210187287
8.78359 13.2451 4.8799974373 4.47973275602 4.65969158507
8.62668 13.2312 4.95858471448 4.56469072543 4.73401752446
8.47221 13.2171 5.03564290679 4.64627923626 4.80798103863
8.32019 13.2025 5.11064467266 4.72470774238 4.88060551549
8.17069 13.1876 5.18270665473 4.80198586999 4.94898704233
8.02356 13.1724 5.25305371749 4.87711725672 5.01589112812
7.87871 13.1567 5.32166940386 4.95036085558 5.08111351006
7.73629 13.1407 5.38838751175 5.02043121599 5.14533409528
7.59609 13.1243 5.45341787334 5.0909399895 5.20620946932
7.45816 13.1075 5.51695262663 5.15727140147 5.26758723767
7.32244 13.0902 5.57888540743 5.22170651414 5.3275690243
7.18894 13.0726 5.6387878067 5.28440155746 5.38527027045
7.05756 13.0545 5.6973002829 5.34643751202 5.44096908483
6.92827 13.036 5.75431247882 5.40567024364 5.49618682047
6.80104 13.017 5.81008967507 5.46328317412 5.55046792144
6.67589 12.9976 5.86493374791 5.5200497166 5.60373283597
6.5527 12.9777 5.91861486618 5.57510498308 5.65627735885
6.43152 12.9573 5.9711376336 5.6294043692 5.70732084796
6.31229 12.9364 6.0222028242 5.68204297965 5.75706664418
6.19497 12.915 6.0720921706 5.73275232391 5.80626488465
6.0795 12.8931 6.12060303222 5.78294067209 5.85335441282
5.96592 12.8706 6.16813082345 5.83135942645 5.90012315294
5.85415 12.8476 6.2146425103 5.87877512929 5.94586171256
5.74418 12.824 6.26001084829 5.92526319735 5.99026828871
5.63596 12.7999 6.30451392052 5.97059612598 6.03405559558
5.5295 12.7751 6.34812064295 6.01517785294 6.07681809574
5.42471 12.7498 6.39092424678 6.05859198641 6.11909125867
5.32163 12.7238 6.43277476663 6.10149045322 6.16002804219
5.22022 12.6972 6.4737310294 6.14281022551 6.20066638417
5.1204 12.67 6.5141226132 6.18325381936 6.24101243984
5.02221 12.6421 6.55375097937 6.22267017794 6.28082632742
4.92557 12.6135 6.59260748919 6.2612909517 6.31988892345
4.8305 12.5843 6.63075145054 6.29960188883 6.35788693216
4.73694 12.5543 6.66803500287 6.33662513331 6.39539797241
4.6449 12.5236 6.70467571577 6.37360911502 6.43173864252
4.55432 12.4921 6.74082899697 6.40961877707 6.46801751174
4.4652 12.4599 6.77638751292 6.44509068404 6.50365172547
4.37753 12.4269 6.81118525984 6.48005181215 6.53830665071
4.29123 12.3931 6.84523046745 6.51423096892 6.57223468987
4.20633 12.3585 6.87888441826 6.54831893582 6.60550853077
4.12279 12.3231 6.91173391827 6.58164543722 6.63793945139
4.0406 12.2867 6.94386442612 6.61455371542 6.66938559321
3.95973 12.2496 6.97541031717 6.64786772247 6.69936709367
3.88014 12.2115 7.00641409246 6.67938697655 6.72991251778
3.80185 12.1725 7.03717664041 6.70993602578 6.76086502829
3.7248 12.1326 7.06729148262 6.74054118587 6.79054334245
3.64898 12.0917 7.096698733 6.770510958 6.81944863247
3.5744 12.0498 7.12549477031 6.79958180088 6.84799900206
3.501 12.0069 7.15357070216 6.82835013464 6.87545464016
3.42878 11.963 7.18120572577 6.85729737123 6.90190894539
3.35772 11.918 7.20871656368 6.8857658078 6.9285538514
3.2878 11.872 7.23598319418 6.91397155561 6.95496772006
3.219 11.8248 7.26288716512 6.94178600818 6.98104156248
3.15131 11.7766 7.28860455744 6.9682729892 7.00605468338
3.0847 11.7272 7.31399150969 6.99567560624 7.02958565903
3.01916 11.6766 7.33903949681 7.02226917661 7.05319923921
2.95466 11.6248 7.3637207158 7.04811070813 7.07679711325
2.89122 11.5718 7.38800960337 7.07368776644 7.099876696
2.82878 11.5175 7.4120075053 7.09884002217 7.12278498562
2.76734 11.4619 7.43593215372 7.12404433964 7.14549512763
2.7069 11.4051 7.45928965977 7.14818606617 7.16810488894
2.64743 11.3469 7.48212477589 7.17236219225 7.18965523299
2.5889 11.2873 7.50440042614 7.19559384703 7.21101021057
2.53131 11.2264 7.52642314086 7.21980413472 7.23091114265
2.47465 11.164 7.54800911099 7.24262927516 7.25128581971
2.4189 11.1001 7.56922120173 7.265379091 7.27098522939
2.36405 11.0348 7.58994469135 7.28783878894 7.2899879436
2.31006 10.9679 7.61026785277 7.30959100601 7.3088844208
2.25696 10.8996 7.63000647841 7.33108488142 7.32685779832
2.2047 10.8296 7.64937279485 7.3524619404 7.34418421485
2.15328 10.758 7.66827465997 7.37342530352 7.36097479423
2.10269 10.6848 7.68686501724 7.39402828937 7.37748420507
2.0529 10.6099 7.70519322385 7.41536909767 7.39266054416
2.00391 10.5333 7.72312056822 7.43533586507 7.40842857756
1.95572 10.455 7.74069444184 7.45540673013 7.42333000497
1.9083 10.3749 7.75769644867 7.47468720441 7.4378654501
1.86163 10.293 7.77441212115 7.4936568565 7.45211433345
1.81571 10.2092 7.79070074551 7.51243719386 7.46564450546
1.77054 10.1236 7.80672010868 7.5309565777 7.47886239279
1.72608 10.0361 7.82235863329 7.54937643057 7.49134361969
1.68235 9.94665 7.83767995696 7.56751675117 7.50342035984
1.6393 9.85521 7.85267407508 7.58508741827 7.51540891647
1.59696 9.76179 7.86730248875 7.60249127506 7.52675608344
1.55529 9.66634 7.88159227663 7.61933531972 7.53798526899
1.51429 9.5688 7.89571449304 7.63580042066 7.549265032
1.47394 9.46917 7.9095282354 7.65230224798 7.5597752781
1.43425 9.36741 7.92296135067 7.6685369682 7.56971634481
1.39519 9.26348 7.93607275883 7.68483054386 7.578799206
1.35676 9.15736 7.94899434134 7.70063293347 7.58801536279
1.31895 9.04902 7.96163678168 7.71586763262 7.59727495086
1.28174 8.93841 7.97393649249 7.73112188519 7.60566160641
1.24513 8.82551 7.98583387951 7.74564867481 7.61402391485
1.20911 8.71031 7.99744539921 7.76024162017 7.62156562932
1.17366 8.59275 8.00888263768 7.77456312292 7.62900201231
1.13878 8.47282 8.02011291891 7.78884913162 7.63592348587
1.10447 8.3505 8.0311416327 7.80282300387 7.64272923454
1.0707 8.22575 8.0420467778 7.81674868832 7.64922994907
1.03747 8.09856 8.05265506211 7.83032062087 7.65544257394
1.00478 7.9689 8.06302872837 7.84346666314 7.66163595831
0.972616 7.83673 8.07312110533 7.85619243101 7.66769486768
0.940964 7.70205 8.08300571713 7.86863192949 7.67360635362
0.909822 7.56485 8.09272017133 7.88116343064 7.67886985982
0.87918 7.42509 8.10221681684 7.89338215383 7.68399389978
0.849027 7.28275 8.11150913938 7.90535672174 7.68890680388
0.819359 7.13784 8.1205997008 7.91727749798 7.69329807015
0.790167 6.99033 8.12959371395 7.92898648265 7.69770650972
0.761444 6.84021 8.1383232769 7.9401743195 7.70221669946
0.73318 6.68747 8.14685139259 7.95137442954 7.70608404012
0.705373 6.53211 8.1553047329 7.9624896365 7.70981493029
0.67801 6.37412 8.16354359911 7.97331349673 7.71338980992
0.651086 6.21348 8.17166475088 7.98368751508 7.71738192288
0.624592 6.05021 8.17956761035 7.99372412341 7.72131745204
0.598527 5.88431 8.18730642421 8.00401282768 7.72424112385
0.572879 5.71577 8.19489322545 8.01400490811 7.72720999546
0.54764 5.54459 8.20232331347 8.02364817484 7.73032415107
0.522809 5.3708 8.20960317689 8.03308461035 7.73333527791
0.498374 5.19438 8.21663837141 8.0424199428 7.73574705134
0.474333 5.01536 8.22366199136 8.05158130853 7.73840673501
0.450678 4.83376 8.23046846698 8.0604810607 7.74087595456
0.427401 4.64957 8.23720770984 8.06903436003 7.74380394702
0.404498 4.46283 8.24374336326 8.07779796338 7.7455903755
0.381964 4.27355 8.25023325101 8.08622102721 7.74789679958
0.359789 4.08174 8.25658194753 8.09464517023 7.74968774307
0.337972 3.88744 8.26274987 8.10293255496 7.75112845725
0.316503 3.69066 8.26883131558 8.11087500304 7.75299694937
0.29538 3.49145 8.27471947329 8.11883579763 7.75412280455
0.274595 3.28981 8.28056056736 8.12653810686 7.7556227035
0.254145 3.08581 8.28626259939 8.13404884342 7.75704590237
0.234021 2.87944 8.29183516368 8.14143962613 7.7582559424
0.214221 2.67076 8.29740785053 8.14874909021 7.7596028417
0.194739 2.4598 8.30285498671 8.15573325877 7.76126127117
0.175569 2.24658 8.30818121149 8.16264931 7.76261924182
0.156707 2.03118 8.31341150484 8.16935630525 7.76411766902
0.138147 1.81359 8.31854630334 8.1760857939 7.76517161061
0.119886 1.59389 8.32362668025 8.18279513752 7.76602771863
0.101917 1.3721 8.3286912088 8.18926102892 7.76741216404
0.0842365 1.14826 8.33357462642 8.19554720295 7.76856827597
0.0668396 0.922425 8.33838702936 8.20181140009 7.76947622005
0.0497222 0.694639 8.34314966947 8.20790045646 7.77062906933
0.0328797 0.464949 8.34780027067 8.21406163254 7.77111818651
0.0163066 0.23338 8.3524047305 8.21986225542 7.77238839673
0.0 9.53674e-07 8.35698923763 8.22586278138 7.7729803957
