#logrbulge,50)
#no-dissipation
0.38347744941711426
0.37960115075111389
0.37767159938812256
0.35903164744377136
0.35268741846084595
0.34585607051849365
0.35090479254722595
0.3467022180557251
0.35717499256134033
0.36127838492393494
0.34937161207199097
0.30880501866340637
0.28090107440948486
0.25705409049987793
0.26132410764694214
0.30658054351806641
0.3694424033164978
0.41015589237213135
0.45358994603157043
0.51954382658004761
0.58448511362075806
0.63038760423660278
0.65529501438140869
0.68700110912322998
0.71823310852050781
0.73852086067199707
0.77960991859436035
0.82638508081436157
0.88678538799285889
0.94552218914031982
