#model: Shark-Lagos18-final-no-stellar-no-agn-feedback-no-reionisation-no-diskins
#SMF 
#z=0                   z=0.5                 z=1                 z=2                 z=3                 z=4
-2.10785541263 -2.24730060633 -2.38908997436 -2.6232464 -2.81400554296 -2.97845431329
-2.0320008057 -2.16895527237 -2.29390465436 -2.49364382106 -2.64995804883 -2.79627301507
-1.9640588805 -2.09025687955 -2.20047472759 -2.36708935362 -2.47974946022 -2.57758588129
-1.89849570392 -2.01607314892 -2.11114167003 -2.23516815983 -2.29168189084 -2.3362422692
-1.83450901239 -1.94224131681 -2.0248224757 -2.09792626392 -2.10722699134 -2.08909503525
-1.77731805971 -1.87155982973 -1.94047642773 -1.97185234046 -1.94386756985 -2.03225716184
-1.71564622828 -1.80627088042 -1.86722857162 -1.90310585434 -2.06748964774 -2.324997771
-1.65872013647 -1.75114239336 -1.82058028996 -1.97749424299 -2.07790328721 -2.07997988901
-1.60540153773 -1.70943845991 -1.80240424757 -1.87113065314 -1.81487613221 -1.85020034205
-1.55153236084 -1.64990005225 -1.70888084115 -1.70381762265 -1.7953848455 -1.925107419
-1.48416815561 -1.5661640357 -1.6074741011 -1.70670156 -1.68201733053 -1.77976159812
-1.41980491673 -1.50009450803 -1.56724671662 -1.5928785529 -1.6541803176 -1.72066424015
-1.35626552364 -1.4344823928 -1.48024838514 -1.54345956997 -1.59578143872 -1.66896012563
-1.27942115342 -1.36250559146 -1.41806908805 -1.49208633157 -1.55258170488 -1.62009150363
-1.19963536067 -1.29154634501 -1.36211180766 -1.44220811144 -1.50012645571 -1.56628095225
-1.12682192228 -1.23388680773 -1.311106197 -1.39490041336 -1.4423259588 -1.51034616424
-1.05766329575 -1.17589795125 -1.26858566652 -1.344732078 -1.37950335924 -1.46695557548
-0.987719589585 -1.14074594965 -1.24077107124 -1.27623005517 -1.31555323086 -1.44078846924
-0.99601648734 -1.13843771415 -1.19126248339 -1.19354785288 -1.26692311422 -1.48883678526
-0.989647602139 -1.07100794805 -1.08950177056 -1.11667180514 -1.29953916993 -1.66414607589
-0.871204119543 -0.943816221359 -0.983290926065 -1.10774999618 -1.46802458645 -1.84868538646
-0.777805236229 -0.865077447749 -0.939202607555 -1.23325186694 -1.58659533695 -1.81487142163
-0.800795579281 -0.894016492112 -1.02195216645 -1.30313012529 -1.53717128695 -1.80267438958
-0.912259819521 -1.01722458747 -1.13739804759 -1.36892940532 -1.62665947228 -1.94293663313
-1.08256874212 -1.18493133548 -1.28754147851 -1.50105624917 -1.7856977768 -2.14834272063
-1.24738093714 -1.34591605414 -1.44318981682 -1.67488816933 -1.99864004629 -2.408681996
-1.43572607267 -1.52910006692 -1.62914944863 -1.8811819673 -2.24788749085 -2.7091392509
-1.64278052068 -1.73357636275 -1.84061370365 -2.11856633076 -2.51594743228 -3.0296926596
-1.85641722687 -1.94528362798 -2.05420281595 -2.35745347523 -2.80622470098 -3.39112704817
-2.06687488732 -2.14929804082 -2.26929324423 -2.60494230821 -3.12042821993 -3.79505618752
-2.26828850617 -2.35783154429 -2.48516136776 -2.88732189395 -3.49357637879 -4.25713926736
-2.46241891554 -2.55874348503 -2.71764120884 -3.19888656116 -3.92467047856 -4.82054210855
-2.63807101799 -2.77234796332 -2.96780747927 -3.53259280163 -4.3904174165 -5.45736420613
-2.8447316979 -2.99703921686 -3.23862869194 -3.9541573831 -5.00873148923 -6.08061349653
-3.05334545407 -3.25479805155 -3.54531937649 -4.40118559992 -5.70040225482 0.0
-3.26997779626 -3.51665803154 -3.91566612391 -5.05530763127 -6.4785535052 0.0
-3.51476567786 -3.8365839075 -4.32019101311 -5.87649351388 -6.77958350087 0.0
-3.76928354423 -4.18188831494 -4.85530421481 -6.30246224615 0.0 0.0
-4.07629212275 -4.65900956966 -5.3816434922 -6.77958350087 0.0 0.0
-4.44312376702 -5.03922081137 -5.77958350087 0.0 0.0 0.0
-4.79731226783 -5.70040225482 -6.77958350087 0.0 0.0 0.0
-5.28822180703 -6.30246224615 0.0 0.0 0.0 0.0
-5.93448546085 -6.77958350087 0.0 0.0 0.0 0.0
-6.77958350087 0.0 0.0 0.0 0.0 0.0
0.0 0.0 0.0 0.0 0.0 0.0
#Shark-Lagos18-final-no-stellar-no-agn-feedback
-3.20740918726 -2.8703484975 -2.48797048393 -2.62351918853 -2.8204943865 -2.9900027887
-3.09446903182 -2.76640909099 -2.3876432657 -2.49308212191 -2.6470356584 -2.79537133411
-2.98810338485 -2.6577283187 -2.2933372643 -2.36342581124 -2.48199805557 -2.57181453113
-2.87061620045 -2.57728594473 -2.2036570597 -2.2294285559 -2.29193615335 -2.34102533108
-2.76645122482 -2.47977123537 -2.11234541345 -2.09838750486 -2.10608338236 -2.08944060301
-2.66620844377 -2.38343648156 -2.02434149979 -1.97559408625 -1.94424811825 -2.03075226394
-2.58291000038 -2.29595341837 -1.94379150017 -1.90260976825 -2.06710216307 -2.32605112474
-2.49816376071 -2.21546212535 -1.88010772656 -1.97855730396 -2.0811958414 -2.08429449773
-2.4192552128 -2.13642703525 -1.85717466918 -1.88161021149 -1.85563005787 -1.96509617681
-2.34345267144 -2.0769634328 -1.82079034775 -1.80534822343 -1.94307583008 -2.06375558081
-2.28925974932 -2.0405731758 -1.83767969103 -1.90664096371 -1.99294563461 -2.16166100144
-2.23077657451 -1.99756260582 -1.91692746724 -2.02474609474 -2.1428148582 -2.22061107463
-2.16100202054 -1.95404054828 -1.9740418658 -2.08062218251 -2.04365740692 -2.16767971677
-2.0777910876 -1.89992002475 -1.9076896329 -1.93776744778 -1.99261214865 -2.01316321727
-1.94870625376 -1.88533391692 -1.75569755703 -1.80095111442 -1.85976303352 -1.87552286548
-1.82858130522 -1.84093370696 -1.59985940481 -1.62743280683 -1.66845210208 -1.83667800658
-1.82455514728 -1.69473207822 -1.40334790932 -1.56108213138 -1.64853614579 -1.70610710344
-1.57154814149 -1.36650345482 -1.26727140227 -1.41383352076 -1.52201291319 -1.61643704011
-1.37547192868 -1.26478082445 -1.1928893234 -1.33650992275 -1.42113466205 -1.5082205787
-1.29758510186 -1.21904204976 -1.1303645344 -1.2054711724 -1.2890000311 -1.39830592872
-1.18480213819 -1.07473404083 -0.953344734341 -1.03360123272 -1.14128297838 -1.29134733874
-1.04361991503 -0.857713984133 -0.822143834981 -0.911464765184 -1.07304066608 -1.30597830201
-0.902982933699 -0.81599445594 -0.846581902226 -0.995489959311 -1.22126741231 -1.50287589585
-0.934177221184 -0.953780379229 -1.0101803247 -1.18899130674 -1.44292167698 -1.75532365932
-1.10026464585 -1.14008007843 -1.20289669567 -1.39534481442 -1.6691352118 -2.0094387134
-1.25986442239 -1.31013705433 -1.38300583706 -1.59522998608 -1.89722406034 -2.28444173131
-1.43999493559 -1.49833872233 -1.5770434203 -1.81327277829 -2.15592079351 -2.58219265973
-1.64018618199 -1.70380667971 -1.79369917063 -2.05059700297 -2.42755542603 -2.91099783431
-1.85199758414 -1.91813870609 -2.008106261 -2.29451542658 -2.71404113035 -3.25376154871
-2.06397287013 -2.12434899383 -2.22673284641 -2.53873484238 -3.02188387578 -3.64508764503
-2.27317318475 -2.33578873057 -2.44106724608 -2.80919012879 -3.37887286409 -4.09294723161
-2.46582170458 -2.53585113632 -2.66267703316 -3.11194379481 -3.79640842883 -4.63036438821
-2.64077573565 -2.74215700293 -2.91418338269 -3.43166831437 -4.23304083739 -5.39937225916
-2.85514913732 -2.96367384998 -3.18090240196 -3.84559033704 -4.86576964848 -5.77958350087
-3.05818512535 -3.21669611957 -3.47703612838 -4.31123617046 -5.57546351821 -6.77958350087
-3.28265385279 -3.48357683155 -3.85427140937 -4.89876990859 -6.30246224615 0.0
-3.51500177163 -3.79821799179 -4.23551545652 -5.70040225482 -6.77958350087 0.0
-3.76716812611 -4.14813973185 -4.73819081571 -6.30246224615 0.0 0.0
-4.08585655194 -4.60932178547 -5.27443352255 0.0 0.0 0.0
-4.43716082005 -5.01615550731 -5.73819081571 -6.77958350087 0.0 0.0
-4.79731226783 -5.60349224181 -6.77958350087 0.0 0.0 0.0
-5.27443352255 -6.30246224615 0.0 0.0 0.0 0.0
-6.00143225048 -6.77958350087 0.0 0.0 0.0 0.0
-6.77958350087 0.0 0.0 0.0 0.0 0.0
0.0 0.0 0.0 0.0 0.0 0.0
#no-agn-feedback-no-diskins
-2.68361257852 -2.32767431393 -1.69585519256 -2.04298782662 -2.47757744028 -2.75137838096
-2.24204143554 -1.86908716237 -1.7531687336 -1.79914832333 -2.05468531545 -2.38992136336
-1.9488793778 -1.66990373162 -1.53730551181 -1.74844175511 -1.87595098478 -1.96898810198
-1.70792974216 -1.60426017394 -1.37877448579 -1.55884013336 -1.82659743567 -2.06528727867
-1.54196939663 -1.46835746934 -1.21285500514 -1.41391397391 -1.63169085604 -1.85962724305
-1.41691445529 -1.34047195871 -1.09978960648 -1.30831086397 -1.49556130874 -1.71309358109
-1.30321567641 -1.19070364737 -1.02362865095 -1.22255657412 -1.40999475576 -1.59710322413
-1.24268810583 -1.01723809901 -0.991815657485 -1.15782992895 -1.33419416306 -1.50744008328
-1.21961705977 -0.968060774332 -1.00684677177 -1.12997315704 -1.27948430895 -1.44216617348
-1.15721195812 -0.999370633624 -1.04314636009 -1.13887454127 -1.26211971662 -1.40739531146
-1.05482689581 -1.04566915846 -1.08090022552 -1.14987020573 -1.26501317079 -1.41233570094
-1.08731308697 -1.11982793393 -1.14713633222 -1.19710082562 -1.28677284272 -1.42793211177
-1.18574273331 -1.21712646843 -1.23263017916 -1.26744364783 -1.3528397021 -1.48316404164
-1.29162540827 -1.31928867895 -1.32855275028 -1.36113967826 -1.44431018948 -1.57550423523
-1.39150184654 -1.41634205135 -1.42781037757 -1.46571838873 -1.55298101825 -1.68395393656
-1.48485060719 -1.50569832628 -1.52063987807 -1.57097286708 -1.66804879812 -1.8126630841
-1.57283855681 -1.59600904594 -1.61325701429 -1.6701399538 -1.78273923049 -1.94142101199
-1.65967138572 -1.68811351499 -1.70724903255 -1.76591222022 -1.89299126417 -2.06989810526
-1.74177069255 -1.77409840243 -1.7977422512 -1.87159740287 -2.00828270486 -2.20395696295
-1.82381399738 -1.86230386217 -1.88877140191 -1.97731617766 -2.13738616874 -2.35809474311
-1.90332523581 -1.94626423584 -1.98025673876 -2.08313100126 -2.26418658361 -2.51796382432
-1.97897638448 -2.02543400744 -2.07640393572 -2.19341268848 -2.40024171787 -2.68707338918
-2.05885378519 -2.11439664908 -2.16567828297 -2.31095559461 -2.5443834239 -2.86050540849
-2.13775258261 -2.1958521074 -2.25875947851 -2.42759404543 -2.70029369477 -3.04127870779
-2.21552137183 -2.28434452556 -2.34813931925 -2.53918403513 -2.86768050482 -3.25002482785
-2.29748204738 -2.36161385865 -2.43771391052 -2.66590748897 -3.0296926596 -3.45571289433
-2.37720173663 -2.44525040383 -2.52799394359 -2.79492119468 -3.21764773755 -3.68441414944
-2.46131142066 -2.52489044146 -2.62931841389 -2.95493708615 -3.4303059734 -3.98859502578
-2.54241691818 -2.62595153587 -2.73898116075 -3.14672146077 -3.70623179848 -4.34661420999
-2.63659994595 -2.72214563266 -2.8692259436 -3.34645398329 -4.02067160847 -4.68967838943
-2.72650505738 -2.84609621302 -3.03302713946 -3.58981254452 -4.32473864086 -5.3816434922
-2.84106377569 -2.99811535803 -3.21161659404 -3.88140701737 -4.84006424825 -5.66564014856
-3.00157703944 -3.16101247275 -3.44312376702 -4.26370965716 -5.23551545652 -6.4785535052
-3.15293523239 -3.38112265126 -3.7453562401 -4.69322367019 -6.08061349653 0.0
-3.36427620864 -3.65540544539 -4.03294930193 -5.27443352255 -6.30246224615 0.0
-3.59178086215 -3.93759869628 -4.56739589646 -5.93448546085 0.0 0.0
-3.84609621302 -4.34183293805 -4.97340352688 -6.77958350087 0.0 0.0
-4.15119457082 -4.75019972318 -5.45736420613 0.0 0.0 0.0
-4.49855013362 -5.24810458383 -6.17752350954 -6.77958350087 0.0 0.0
-4.86576964848 -5.63345546519 -6.77958350087 0.0 0.0 0.0
-5.28822180703 -6.4785535052 0.0 0.0 0.0 0.0
-6.17752350954 -6.77958350087 0.0 0.0 0.0 0.0
-6.4785535052 0.0 0.0 0.0 0.0 0.0
0.0 0.0 0.0 0.0 0.0 0.0
0.0 0.0 0.0 0.0 0.0 0.0
#Shark-Lagos18-final
-2.68535701565 -2.33067630827 -1.69609521443 -2.04033561409 -2.48210750754 -2.75522099651
-2.24265909219 -1.87103414683 -1.75004145777 -1.80023092147 -2.05618530071 -2.39004532354
-1.95269273227 -1.6712553066 -1.53852537799 -1.74924694475 -1.8747922446 -1.96964688795
-1.71223362491 -1.60618742272 -1.37814677039 -1.55840147049 -1.82741607802 -2.06384749764
-1.54553721143 -1.46992991623 -1.21326623708 -1.41541162336 -1.6301088149 -1.86140632604
-1.42009331557 -1.34119939383 -1.1015415592 -1.30869839756 -1.49623703551 -1.7129706259
-1.30664869112 -1.1919050811 -1.02483087843 -1.22237836497 -1.41017652171 -1.5966127826
-1.24452368448 -1.02002065484 -0.993742780503 -1.15903833953 -1.33518734978 -1.50743776247
-1.22091812199 -0.971496147231 -1.00902307966 -1.1305964117 -1.27940605238 -1.44187671236
-1.16085153663 -1.00277629806 -1.04566755558 -1.13980824203 -1.26177289764 -1.40887061146
-1.058905009 -1.04865756046 -1.08232014843 -1.14999043581 -1.26604629243 -1.4124102829
-1.09078739404 -1.12281950777 -1.14828587421 -1.19752695939 -1.28684126601 -1.42895757814
-1.18975560836 -1.21853819732 -1.23357539781 -1.26814669049 -1.35315845633 -1.48310917891
-1.2948666543 -1.32128264401 -1.33032577625 -1.36064946273 -1.44379674414 -1.5760121614
-1.39305064919 -1.41687300599 -1.42780264957 -1.46526746043 -1.55313053319 -1.68311147748
-1.48712805435 -1.50720342444 -1.51999439973 -1.57131417631 -1.66661338974 -1.81302410731
-1.57443599965 -1.59541467315 -1.61361545919 -1.66972833541 -1.78315501808 -1.94279748078
-1.65767583519 -1.68747719626 -1.70443452092 -1.76503356212 -1.89562695929 -2.0725842436
-1.74033996005 -1.77178879771 -1.7954839419 -1.86930602986 -2.01002156502 -2.20848054223
-1.81838554434 -1.85864663488 -1.88866531232 -1.97906574902 -2.14097445506 -2.36022263115
-1.89983408994 -1.94486404432 -1.98042222105 -2.08503972166 -2.26946763544 -2.51594743228
-1.9771313409 -2.0256099823 -2.07470405004 -2.19839643177 -2.40145825525 -2.67064657728
-2.05256305875 -2.10934692769 -2.16315000057 -2.31197539528 -2.53953372876 -2.82708165301
-2.12713408521 -2.1882851059 -2.24978112681 -2.42140110039 -2.67804262831 -2.9982590452
-2.19282746169 -2.25864167889 -2.32170160413 -2.51243524848 -2.82587212044 -3.20740918726
-2.23088705234 -2.28508105382 -2.36924499996 -2.62637860078 -2.9997706377 -3.435387785
-2.23104668105 -2.32102118789 -2.45128546274 -2.78627956295 -3.22015570111 -3.72843097842
-2.33480508605 -2.46599043635 -2.61306458333 -2.99582280512 -3.50473318085 -4.10472236013
-2.55167109912 -2.67189878121 -2.82399195046 -3.25324422348 -3.8491439061 -4.5054256516
-2.79627301507 -2.91317800249 -3.07303639823 -3.55375750941 -4.23675807391 -4.98719181137
-3.05522569664 -3.18740674347 -3.38776657725 -3.94199506263 -4.74615974538 -5.70040225482
-3.33180549157 -3.51500177163 -3.77354554587 -4.41974801853 -5.34821973671 -6.08061349653
-3.61138075403 -3.85582154004 -4.16998909164 -5.10748564293 -6.08061349653 0.0
-3.92164823615 -4.25453869383 -4.70040225482 -5.73819081571 0.0 0.0
-4.28265385279 -4.70770149356 -5.26106956099 -6.30246224615 0.0 0.0
-4.65900956966 -5.18851889384 -5.66564014856 0.0 0.0 0.0
-5.06358015723 -5.60349224181 -6.30246224615 -6.77958350087 0.0 0.0
-5.73819081571 -6.17752350954 -6.77958350087 0.0 0.0 0.0
-6.08061349653 -6.4785535052 0.0 0.0 0.0 0.0
-6.77958350087 0.0 0.0 0.0 0.0 0.0
0.0 0.0 0.0 0.0 0.0 0.0
0.0 0.0 0.0 0.0 0.0 0.0
0.0 0.0 0.0 0.0 0.0 0.0
0.0 0.0 0.0 0.0 0.0 0.0
0.0 0.0 0.0 0.0 0.0 0.0
