#SMF passive galaxies z= 0, 0.5, 1, 2, 3, 4, 5
7.0625 -1.588043065600531 -1.875695146302594 -2.5499118954296423 -3.858625794912662 -5.345014596833912 -6.0983422634925235 -10
7.1875 -1.6728515180913388 -1.976683950994454 -2.5894984399073153 -3.742316406299401 -5.3201910131088805 -10 -10
7.3125 -1.7782721760801308 -2.0799330561104554 -2.6271483775228384 -3.7578981486524055 -5.070313539892281 -6.575463518212186 -10
7.4375 -1.8910760221917826 -2.176898575330928 -2.6760260639260087 -3.7506870557366407 -4.962679661492451 -6.0983422634925235 -10
7.5625 -2.012873293605852 -2.273890993455911 -2.7270896343675846 -3.7872951470710188 -5.007261794145191 -6.575463518212186 -10
7.6875 -2.125769182565969 -2.359693809794543 -2.798399363469757 -3.8520078461770004 -5.144099754053199 -6.274433522548205 -10
7.8125 -2.2451715267440298 -2.4561746290875788 -2.8837633099220246 -3.9052176651380623 -5.23304083738998 -5.973403526884224 -10
7.9375 -2.3619988891726305 -2.5525817048801556 -2.945340875352874 -3.9480976616194536 -5.23304083738998 -6.575463518212186 -10
8.0625 -2.4864066384524013 -2.6563854258361124 -3.042072810194635 -4.043984601169931 -5.345014596833912 -10 -10
8.1875 -2.6155639303462426 -2.7632857440534324 -3.143135725950582 -4.1130655203132305 -5.621221008772862 -10 -10
8.3125 -2.753557140859863 -2.9010617053669043 -3.2720514476154445 -4.259493172755269 -5.534070833053962 -6.575463518212186 -10
8.4375 -2.9007860503389873 -3.0312714074471536 -3.383174905644066 -4.308291789809172 -5.575463518212186 -10 -10
8.5625 -3.053410717343364 -3.1811869914443647 -3.521233608348789 -4.485558406772788 -5.672373531220242 -6.575463518212186 -10
8.6875 -3.2318580101080143 -3.3374174150833906 -3.664839113322985 -4.611675690866631 -5.621221008772862 -10 -10
8.8125 -3.3973502658975545 -3.50284604166695 -3.852829595678374 -4.616422125891092 -5.797312267828542 -10 -10
8.9375 -3.5424420735292754 -3.6595363065150703 -4.019161017444899 -4.819588662539695 -5.621221008772862 -6.575463518212186 -10
9.0625 -3.713332138899149 -3.8150410347889743 -4.101247254135931 -4.835100828717942 -6.0983422634925235 -6.274433522548205 -10
9.1875 -3.834311919360401 -3.9290597919891166 -4.219437661019064 -4.74938871551136 -5.213735682194593 -6.274433522548205 -10
9.3125 -3.9280805480975665 -4.0215804915683115 -4.231071244527076 -4.755919582670318 -5.3201910131088805 -6.0983422634925235 -10
9.4375 -4.003754686403498 -4.015556893176074 -4.055635524436467 -4.534070833053962 -5.1130655203132305 -5.672373531220242 -10
9.5625 -3.920325083400804 -3.8173088962447963 -3.90244261108329 -4.371343535556261 -4.876493513876167 -5.672373531220242 -10
9.6875 -3.742316406299401 -3.5945515804353425 -3.6434974034840137 -4.245049744862995 -4.76255016156933 -5.345014596833912 -10
9.8125 -3.5481139104374297 -3.396486570919017 -3.482742873528087 -4.142494227337781 -4.646044592497893 -5.496282272164561 -10
9.9375 -3.3504128220741376 -3.2398050659228845 -3.3235820636596585 -3.9991221680063935 -4.651184232150305 -5.399372259156505 -6.575463518212186
10.0625 -3.192366588263092 -3.1163727286116 -3.2499478548490384 -3.951181422376518 -4.640965066968619 -5.461520165905349 -10
10.1875 -3.0908789889293433 -3.021823181980832 -3.202367531133459 -3.9271035072312546 -4.755919582670318 -5.371343535556261 -10
10.3125 -3.0142428392782423 -3.0097337303810594 -3.191648152231755 -4.0491242408223425 -4.843069758389218 -5.876493513876167 -6.575463518212186
10.4375 -2.9883140199578424 -3.0166349933951744 -3.2376050891710917 -4.073036398227754 -4.9843989111856875 -6.274433522548205 -10
10.5625 -2.9741642080178488 -3.056554944520772 -3.309231821522293 -4.215628035872299 -5.3201910131088805 -6.575463518212186 -10
10.6875 -3.018076636152679 -3.133140562466612 -3.4293354825339484 -4.448358719847379 -5.3201910131088805 -6.0983422634925235 -10
10.8125 -3.0821449099800846 -3.229306215980178 -3.5456740473803308 -4.511005528985268 -5.575463518212186 -10 -10
10.9375 -3.179438621603593 -3.377081388203892 -3.757237624598231 -4.755919582670318 -5.797312267828542 -10 -10
11.0625 -3.2852062488176683 -3.558847970655009 -3.9280805480975665 -5.019161017444899 -6.274433522548205 -10 -10
11.1875 -3.4346413381028755 -3.68784621787645 -4.114565675455639 -5.23304083738998 -5.876493513876167 -10 -10
11.3125 -3.5842374425196915 -3.8561322312284596 -4.322610487232293 -5.534070833053962 -10 -10 -10
11.4375 -3.732854278601624 -4.0491242408223425 -4.566863346450269 -5.575463518212186 -6.575463518212186 -10 -10
11.5625 -3.90244261108329 -4.211851538320042 -4.718131021780918 -5.973403526884224 -10 -10 -10
11.6875 -4.107116187800029 -4.464873807912937 -5.195252276500581 -6.274433522548205 -10 -10 -10
11.8125 -4.223281000100823 -4.730365478197929 -5.23304083738998 -6.274433522548205 -10 -10 -10
11.9375 -4.374066393891734 -4.819588662539695 -5.730365478197929 -10 -10 -10 -10
12.0625 -4.5977399129233385 -5.195252276500581 -5.973403526884224 -6.575463518212186 -10 -10 -10
12.1875 -4.843069758389218 -5.672373531220242 -5.973403526884224 -6.575463518212186 -10 -10 -10
12.3125 -5.03139547386191 -5.399372259156505 -6.575463518212186 -10 -10 -10 -10
12.4375 -5.3201910131088805 -5.973403526884224 -6.274433522548205 -10 -10 -10 -10
12.5625 -5.461520165905349 -6.575463518212186 -6.575463518212186 -10 -10 -10 -10
12.6875 -5.730365478197929 -6.274433522548205 -10 -10 -10 -10 -10
12.8125 -6.0983422634925235 -10 -10 -10 -10 -10 -10
12.9375 -10 -10 -10 -10 -10 -10 -10
13.0625 -10 -10 -10 -10 -10 -10 -10
13.1875 -6.575463518212186 -6.575463518212186 -10 -10 -10 -10 -10
