#SMHM relation of passive galaxies
#mass median 16th 84th redshift flag(=1 passive, =0 SF) 
9.6875 6.310316562652588 6.770176410675049 5.8645429611206055 1.0 1
9.8125 6.764326095581055 7.266413688659668 6.235252380371094 1.0 1
9.9375 7.162978172302246 7.623434066772461 6.7798614501953125 1.0 1
10.0625 7.445835590362549 7.847245216369629 7.187999248504639 1.0 1
10.1875 7.653209209442139 7.985529899597168 7.440812587738037 1.0 1
10.3125 7.85737419128418 8.126535415649414 7.665173053741455 1.0 1
10.4375 8.09790849685669 8.354985237121582 7.888801574707031 1.0 1
10.5625 8.303170680999756 8.521716117858887 8.11203670501709 1.0 1
10.6875 8.4871187210083 8.71905517578125 8.127803802490234 1.0 1
10.8125 8.584439277648926 9.273037910461426 8.173665046691895 1.0 1
10.9375 9.663697242736816 10.107224464416504 8.80076789855957 1.0 1
11.0625 10.051204204559326 10.296948432922363 9.106987953186035 1.0 1
11.1875 10.109285354614258 10.324697494506836 9.882425308227539 1.0 1
11.3125 10.02692985534668 10.255671501159668 9.800214767456055 1.0 1
11.4375 10.1261568069458 10.333877563476562 9.896738052368164 1.0 1
11.5625 10.063942909240723 10.265018463134766 9.885982513427734 1.0 1
11.6875 10.161641120910645 10.334992408752441 9.983808517456055 1.0 1
11.8125 10.200052261352539 10.381139755249023 10.013263702392578 1.0 1
11.9375 10.231276035308838 10.437309265136719 10.037679672241211 1.0 1
12.0625 10.267797946929932 10.514764785766602 10.045358657836914 1.0 1
12.1875 10.343555450439453 10.598702430725098 10.100188255310059 1.0 1
12.3125 10.3895263671875 10.671703338623047 10.112833976745605 1.0 1
12.4375 10.460405826568604 10.757274627685547 10.101179122924805 1.0 1
12.5625 10.484413146972656 10.803401947021484 10.160970687866211 1.0 1
12.6875 10.57432222366333 10.886958122253418 10.186895370483398 1.0 1
12.8125 10.655988693237305 11.000341415405273 10.215006828308105 1.0 1
12.9375 10.68325662612915 11.014140129089355 10.295273780822754 1.0 1
13.0625 10.776476860046387 11.1973237991333 10.37928295135498 1.0 1
13.1875 10.826854705810547 11.223864555358887 10.40511417388916 1.0 1
13.3125 10.920761108398438 11.211075782775879 10.5743408203125 1.0 1
13.4375 10.927299499511719 11.305619239807129 10.640119552612305 1.0 1
13.5625 11.024296760559082 11.530074119567871 10.544682502746582 1.0 1
13.6875 11.20771598815918 11.71100902557373 10.834983825683594 1.0 1
13.9375 11.252526760101318 11.652238845825195 10.838303565979004 1.0 1
#SMHM relation of SF galaxies 
9.6875 6.145862340927124 6.580785274505615 5.51432466506958 1.0 0
9.8125 6.473501205444336 6.793252468109131 5.935198783874512 1.0 0
9.9375 6.790344715118408 7.047064781188965 6.410971641540527 1.0 0
10.0625 7.0704264640808105 7.296592712402344 6.787431716918945 1.0 0
10.1875 7.317138195037842 7.520443916320801 7.070786952972412 1.0 0
10.3125 7.553307056427002 7.7490715980529785 7.319672584533691 1.0 0
10.4375 7.794129371643066 7.988433361053467 7.5656538009643555 1.0 0
10.5625 8.025728225708008 8.21548080444336 7.793134689331055 1.0 0
10.6875 8.25550127029419 8.44884967803955 8.012093544006348 1.0 0
10.8125 8.488607406616211 8.686077117919922 8.232928276062012 1.0 0
10.9375 8.725000381469727 8.930830001831055 8.454817771911621 1.0 0
11.0625 8.975622653961182 9.193962097167969 8.686643600463867 1.0 0
11.1875 9.241353034973145 9.476690292358398 8.92204761505127 1.0 0
11.3125 9.50352144241333 9.755465507507324 9.153705596923828 1.0 0
11.4375 9.753307342529297 10.014873504638672 9.369635581970215 1.0 0
11.5625 9.955883979797363 10.215636253356934 9.54179573059082 1.0 0
11.6875 10.012578964233398 10.262496948242188 9.568044662475586 1.0 0
11.8125 10.059680461883545 10.325672149658203 9.554974555969238 1.0 0
11.9375 10.154438018798828 10.433202743530273 9.579109191894531 1.0 0
12.0625 10.233462810516357 10.54372501373291 9.460159301757812 1.0 0
12.1875 10.346210956573486 10.665151596069336 9.74209976196289 1.0 0
12.3125 10.399542808532715 10.771891593933105 9.759299278259277 1.0 0
12.4375 10.56137752532959 10.921688079833984 10.013361930847168 1.0 0
12.5625 10.662955284118652 11.059283256530762 10.129958152770996 1.0 0
12.6875 10.79234504699707 11.166732788085938 10.226690292358398 1.0 0
12.8125 10.939339637756348 11.253277778625488 10.374201774597168 1.0 0
12.9375 11.056978225708008 11.359688758850098 10.349309921264648 1.0 0
13.0625 11.083836078643799 11.500717163085938 10.601625442504883 1.0 0
13.1875 11.135635375976562 11.542434692382812 10.333736419677734 1.0 0
13.3125 11.402405738830566 11.739151954650879 10.904020309448242 1.0 0
13.4375 11.513243675231934 11.80856990814209 11.119214057922363 1.0 0
13.5625 11.649133682250977 11.935406684875488 11.328624725341797 1.0 0
13.6875 11.692170143127441 11.864413261413574 11.50882625579834 1.0 0
13.8125 11.70179271697998 11.864341735839844 11.419867515563965 1.0 0
#SMHM relation of passive galaxies 
9.6875 7.522939682006836 8.280417442321777 7.162671089172363 2.0 1
9.8125 7.485024452209473 8.028406143188477 7.1803789138793945 2.0 1
9.9375 7.524614334106445 8.01104736328125 7.258299827575684 2.0 1
10.0625 7.669049263000488 8.095234870910645 7.486320495605469 2.0 1
10.1875 7.84012508392334 8.202310562133789 7.640253067016602 2.0 1
10.3125 8.00374698638916 8.21268081665039 7.83344030380249 2.0 1
10.4375 8.289639472961426 8.520665168762207 8.036314964294434 2.0 1
10.5625 8.526925086975098 8.727991104125977 8.20181655883789 2.0 1
10.6875 8.707259178161621 9.862975120544434 8.57706356048584 2.0 1
10.8125 8.945999145507812 9.151527404785156 8.71894645690918 2.0 1
11.3125 9.940047264099121 10.114215850830078 9.786895751953125 2.0 1
11.4375 9.937761306762695 10.185492515563965 9.730939865112305 2.0 1
11.5625 10.00914192199707 10.224555015563965 9.806499481201172 2.0 1
11.6875 10.053664684295654 10.2756986618042 9.843896865844727 2.0 1
11.8125 10.111848831176758 10.314533233642578 9.875261306762695 2.0 1
11.9375 10.120236873626709 10.338698387145996 9.83716869354248 2.0 1
12.0625 10.134243965148926 10.424141883850098 9.855055809020996 2.0 1
12.1875 10.221672534942627 10.474069595336914 9.906094551086426 2.0 1
12.3125 10.215192794799805 10.603209495544434 9.957052230834961 2.0 1
12.4375 10.189155578613281 10.544811248779297 9.893233299255371 2.0 1
12.5625 10.208206176757812 10.621439933776855 9.878395080566406 2.0 1
12.6875 10.356036186218262 10.826555252075195 9.937515258789062 2.0 1
12.8125 10.31187629699707 10.74683666229248 9.592747688293457 2.0 1
12.9375 10.355534553527832 10.835208892822266 10.10428237915039 2.0 1
13.0625 10.38872480392456 10.723374366760254 9.867670059204102 2.0 1
13.1875 10.691680431365967 10.821419715881348 10.415700912475586 2.0 1
#SMHM relation of SF galaxies 
9.6875 6.213794946670532 6.710824012756348 5.622685432434082 2.0 0
9.8125 6.591336250305176 6.9469075202941895 6.087324619293213 2.0 0
9.9375 6.918396949768066 7.202447891235352 6.5177836418151855 2.0 0
10.0625 7.20592737197876 7.453052043914795 6.885522365570068 2.0 0
10.1875 7.455186605453491 7.6754865646362305 7.169227600097656 2.0 0
10.3125 7.689695358276367 7.9017229080200195 7.422520637512207 2.0 0
10.4375 7.92437219619751 8.135904312133789 7.66965913772583 2.0 0
10.5625 8.148736000061035 8.359336853027344 7.895688056945801 2.0 0
10.6875 8.364679336547852 8.582075119018555 8.102254867553711 2.0 0
10.8125 8.581355094909668 8.806981086730957 8.300464630126953 2.0 0
10.9375 8.80620288848877 9.03995418548584 8.5037260055542 2.0 0
11.0625 9.021825790405273 9.264938354492188 8.695496559143066 2.0 0
11.1875 9.228757858276367 9.493834495544434 8.87362003326416 2.0 0
11.3125 9.442460536956787 9.731461524963379 9.05518627166748 2.0 0
11.4375 9.638863563537598 9.942466735839844 9.216598510742188 2.0 0
11.5625 9.759621620178223 10.040900230407715 9.310298919677734 2.0 0
11.6875 9.8556547164917 10.12218952178955 9.395590782165527 2.0 0
11.8125 9.954793930053711 10.242636680603027 9.4786958694458 2.0 0
11.9375 10.071056365966797 10.365198135375977 9.559571266174316 2.0 0
12.0625 10.17967176437378 10.48699951171875 9.702082633972168 2.0 0
12.1875 10.25273323059082 10.606915473937988 9.75568962097168 2.0 0
12.3125 10.376078605651855 10.730006217956543 9.953327178955078 2.0 0
12.4375 10.480611324310303 10.863839149475098 10.010223388671875 2.0 0
12.5625 10.621116638183594 10.943249702453613 10.177188873291016 2.0 0
12.6875 10.688919067382812 11.02372932434082 10.15672492980957 2.0 0
12.8125 10.838172912597656 11.164799690246582 10.34512710571289 2.0 0
12.9375 10.8828763961792 11.296445846557617 10.374680519104004 2.0 0
13.0625 11.03810977935791 11.36655044555664 10.506280899047852 2.0 0
13.1875 11.006330490112305 11.184243202209473 10.276830673217773 2.0 0
13.3125 11.290259838104248 11.505671501159668 10.850830078125 2.0 0
#SMHM relation of passive galaxies 
11.4375 9.837420463562012 10.006221771240234 9.653984069824219 3.0 1
11.5625 9.887772560119629 10.13971996307373 9.652050018310547 3.0 1
11.6875 9.924635887145996 10.115275382995605 9.727546691894531 3.0 1
11.8125 9.987943649291992 10.192662239074707 9.79603385925293 3.0 1
11.9375 10.026752471923828 10.282012939453125 9.789021492004395 3.0 1
12.0625 9.989862442016602 10.25829029083252 9.771538734436035 3.0 1
12.1875 10.094480514526367 10.316657066345215 9.857243537902832 3.0 1
12.3125 10.011419296264648 10.250969886779785 9.76474666595459 3.0 1
12.4375 10.039365768432617 10.246874809265137 9.875853538513184 3.0 1
12.5625 9.98357343673706 10.276993751525879 9.78252124786377 3.0 1
12.6875 10.109388828277588 10.169206619262695 9.719056129455566 3.0 1
#SMHM relation of SF galaxies 
9.6875 6.305256366729736 6.806541442871094 5.724817276000977 3.0 0
9.8125 6.669992923736572 7.042691707611084 6.1806416511535645 3.0 0
9.9375 6.994536638259888 7.297266483306885 6.585631847381592 3.0 0
10.0625 7.2806761264801025 7.546865940093994 6.944652557373047 3.0 0
10.1875 7.529048442840576 7.7712788581848145 7.229152202606201 3.0 0
10.3125 7.7674641609191895 8.00092601776123 7.477707386016846 3.0 0
10.4375 8.008173942565918 8.239795684814453 7.725766658782959 3.0 0
10.5625 8.235474586486816 8.46194839477539 7.962071895599365 3.0 0
10.6875 8.451480865478516 8.678279876708984 8.178618431091309 3.0 0
10.8125 8.652105808258057 8.881373405456543 8.376920700073242 3.0 0
10.9375 8.842488288879395 9.08342170715332 8.546772956848145 3.0 0
11.0625 9.025620460510254 9.286845207214355 8.701681137084961 3.0 0
11.1875 9.204887390136719 9.488722801208496 8.854938507080078 3.0 0
11.3125 9.392889022827148 9.702712059020996 9.003098487854004 3.0 0
11.4375 9.542418479919434 9.847485542297363 9.123090744018555 3.0 0
11.5625 9.644022464752197 9.95708179473877 9.214886665344238 3.0 0
11.6875 9.779972076416016 10.0872220993042 9.33985710144043 3.0 0
11.8125 9.885020732879639 10.203320503234863 9.439553260803223 3.0 0
11.9375 9.99366044998169 10.310155868530273 9.568377494812012 3.0 0
12.0625 10.083876609802246 10.443511009216309 9.666690826416016 3.0 0
12.1875 10.214532375335693 10.54489803314209 9.829193115234375 3.0 0
12.3125 10.325510025024414 10.657153129577637 9.849080085754395 3.0 0
12.4375 10.331809043884277 10.789596557617188 9.850068092346191 3.0 0
12.5625 10.42157793045044 10.791821479797363 10.012981414794922 3.0 0
12.6875 10.51295280456543 10.967110633850098 10.13748550415039 3.0 0
12.8125 10.789120197296143 11.05415153503418 10.46738338470459 3.0 0
12.9375 10.767866611480713 11.05197811126709 10.486007690429688 3.0 0
