#Will print table for redshift 2.220446e-16
10.699999999999998 8.230216772371405 0.22489933278449392 0.24030299298931546 0
10.899999999999997 8.477683227046105 0.24781106367458072 0.2835918528267367 0
11.099999999999996 8.852118390577411 0.2663681136496798 0.28020574014270494 0
11.299999999999995 9.236662463069056 0.2619363333876059 0.23731178784074913 0
11.499999999999995 9.580425071268033 0.21131527446739184 0.19040664583406297 0
11.699999999999994 9.903906306382693 0.18159960157070643 0.1747494476516973 0
11.899999999999993 10.179857189374557 0.17504308497657206 0.14306265883700497 0
12.099999999999993 10.384129008926243 0.1817537348490692 0.1321683844033572 0
12.299999999999992 10.570540208020919 0.18693645601680942 0.13385619921531955 0
12.499999999999991 10.698495983150018 0.1865825085676729 0.13406125490193865 0
12.69999999999999 10.827597366390991 0.17367851172245174 0.1217489109417329 0
12.89999999999999 10.952479794975346 0.15506619783608322 0.092715130226253 0
13.099999999999989 11.01580639401842 0.1267977738459276 0.09697564695883543 0
13.299999999999988 11.11864064226073 0.1050584238783756 0.1199889061681283 0
13.499999999999988 11.207536304848437 0.10784387787875183 0.1005866796690249 0
13.699999999999987 11.366751282999786 0.1285619089199983 0.043521087810399095 0
#Will print table for redshift 0.5031073
10.699999999999998 8.24485551762668 0.26483235539873373 0.24104885305906798 0.5
10.899999999999997 8.494615325296468 0.2718034134710372 0.28108371993954684 0.5
11.099999999999996 8.851487959576609 0.27758438161499654 0.2538899444974305 0.5
11.299999999999995 9.226312706818677 0.27128706026208604 0.2225250901334732 0.5
11.499999999999995 9.562610554225103 0.2504028574918742 0.20051343165179603 0.5
11.699999999999994 9.897427836358577 0.23227202415151638 0.16586300319464975 0.5
11.899999999999993 10.173126225354029 0.22334196073561152 0.14225300197510116 0.5
12.099999999999993 10.385687441331523 0.20481958261337674 0.12459371918434314 0.5
12.299999999999992 10.562075745974461 0.25723567429420946 0.13566202533757554 0.5
12.499999999999991 10.677257368000873 0.1970141037288382 0.16275758408689533 0.5
12.69999999999999 10.780239767358324 0.1717594975664518 0.11068507604787214 0.5
12.89999999999999 10.91408326441719 0.18689463659885064 0.10929149261097493 0.5
13.099999999999989 11.016427568974438 0.11465514341464988 0.12926275344786298 0.5
13.299999999999988 11.153331354369136 0.16109288718034342 0.11226596691138013 0.5
13.499999999999988 11.276927655615708 0.09644716920720775 0.06373882650286156 0.5
#Will print table for redshift 1.0041217
10.699999999999998 8.261609547575329 0.28967144095946384 0.23147719653410448 1.0
10.899999999999997 8.507354757531894 0.3019104174309799 0.24980738019375082 1.0
11.099999999999996 8.841114575729007 0.296119491278656 0.2443150472571567 1.0
11.299999999999995 9.18603647053803 0.2859978637503726 0.22592366458756885 1.0
11.499999999999995 9.526185699993036 0.27723017252864857 0.21637292246234097 1.0
11.699999999999994 9.83268375767479 0.25574712142516454 0.20613852866454785 1.0
11.899999999999993 10.13582676394311 0.2405757870582601 0.15759446849775216 1.0
12.099999999999993 10.327725914476254 0.22045497484165644 0.16695717262838983 1.0
12.299999999999992 10.51551160810579 0.21299582103320702 0.1544524096343789 1.0
12.499999999999991 10.62639724288067 0.1938980600968474 0.1497542180820144 1.0
12.69999999999999 10.739835032927026 0.23031425845218756 0.13098662420298268 1.0
12.89999999999999 10.910548588808803 0.23874886083622826 0.1253986360469348 1.0
13.099999999999989 10.994498581280343 0.12108318338429314 0.08252537197927623 1.0
13.299999999999988 11.151566366174809 0.21249140934611077 0.10250143527014721 1.0
13.499999999999988 11.109376379941828 0.12504237740952284 0.10403856857819349 1.0
#Will print table for redshift 2.0124102
10.699999999999998 8.20832273932089 0.3107300850999799 0.23894635793824825 2.0
10.899999999999997 8.431158068293188 0.30927564639312344 0.24947864491397098 2.0
11.099999999999996 8.759288264092786 0.3214076226121332 0.24484701118727514 2.0
11.299999999999995 9.101523162167396 0.3362105096578656 0.22037319523707843 2.0
11.499999999999995 9.39684955805386 0.2845249110253043 0.22566477053514689 2.0
11.699999999999994 9.716547524319216 0.2926332220687389 0.2487446115863463 2.0
11.899999999999993 10.045125585897587 0.31445733960988065 0.18583178051135363 2.0
12.099999999999993 10.231431458006988 0.18150560062981924 0.18974249702128887 2.0
12.299999999999992 10.433111056068181 0.2348575116628826 0.1688082879345103 2.0
12.499999999999991 10.54518353380093 0.16264104979049065 0.20554208509396865 2.0
12.69999999999999 10.708775975532191 0.1538062321328102 0.17439431001952777 2.0
12.89999999999999 10.78299279940926 0.18567685449267834 0.19139816755335737 2.0
13.099999999999989 10.9263006978047 0.17985188410603037 0.09132977823486321 2.0
#Will print table for redshift 3.0165045
10.699999999999998 8.14486743606479 0.2714139267565754 0.22971534072496524 3.0
10.899999999999997 8.364181130419537 0.27823796660764977 0.24323161511847502 3.0
11.099999999999996 8.679670917218665 0.2728930741355988 0.23691625770579527 3.0
11.299999999999995 8.987135363350594 0.2828669266788353 0.2417497228491765 3.0
11.499999999999995 9.297656642131185 0.26745630659124053 0.2502391936080741 3.0
11.699999999999994 9.619451228641017 0.28924331501117706 0.3095681156652219 3.0
11.899999999999993 9.963014392268438 0.2814645083608234 0.22331074682867325 3.0
12.099999999999993 10.181675598754907 0.21690634654589225 0.1808421195237635 3.0
12.299999999999992 10.343210779414088 0.16340855412645716 0.21518821599807936 3.0
12.499999999999991 10.580506234493924 0.22239648013981927 0.17431063411238235 3.0
12.69999999999999 10.66200422487643 0.1754123516605599 0.04398725206927345 3.0
#Will print table for redshift 3.9836636
10.699999999999998 8.130316576527239 0.22687599486279098 0.2073358000328156 4.0
10.899999999999997 8.347268987286862 0.24640638274432192 0.21323168113138635 4.0
11.099999999999996 8.640535406087071 0.24502321317817888 0.22051219078843687 4.0
11.299999999999995 8.960252533730113 0.23269495924689565 0.22765270585988873 4.0
11.499999999999995 9.282506670807797 0.24094831022103236 0.28828103360175383 4.0
11.699999999999994 9.664452611965315 0.35684647617281584 0.2854725109307026 4.0
11.899999999999993 9.9621765988663 0.294945547749883 0.21473970144983845 4.0
12.099999999999993 10.234819319359133 0.1791610538569337 0.13160612221096457 4.0
12.299999999999992 10.439456409074298 0.24326275585074164 0.18497019715744045 4.0
