6.00000  0.00000  0.00000  0.00000  0.00000  0.00000  0.00000  0.00000  0.00000  0.00000
6.20000  0.00000  0.00000  0.00000  0.00000  0.00000  0.00000  0.00000  0.00000  0.00000
6.40000  0.00000  0.00000  0.00000  0.00000  0.00000  0.00000  0.00000  0.00000  0.00000
6.60000  0.00000  0.00000  0.00000  0.00000  0.00000  0.00000  0.00000  0.00000  0.00000
6.80000  0.00000  0.00000  0.00000  0.00000  0.00000  0.00000  0.00000  0.00000  0.00000
7.00000  0.00000  0.00000  0.00000  0.00000  0.00000  0.00000  0.00000  0.00000  0.00000
7.20000  0.00000  0.00000  0.00000  0.00000  0.00000  0.00000  0.00000  0.00000  0.00000
7.40000  0.00000  0.00000  0.00000  0.00000  0.00000  0.00000  0.00000  0.00000  0.00000
7.60000  0.00000  0.00000  0.00000  0.00000  0.00000  0.00000  0.00000  0.00000  0.00000
7.80000  0.00000  0.00000  0.00000  0.00000  0.00000  0.00000  0.00000  0.00000  0.00000
8.00000  0.00000  0.00000  0.00000  0.00000  0.00000  0.00000  0.00000  0.00000  0.00000
8.20000  0.00000  0.00000  0.00000  0.00000  0.00000  0.00000  0.00000  0.00000  0.00000
8.40000  0.00000  0.00000  1.00000  0.00000  0.00000  0.00000  3.00000  1.00000  5.00000
8.60000  11.0000  8.00000  14.0000  0.00000  0.00000  0.00000  36.0000  29.0000  42.0000
8.80000  37.0000  31.0000  43.0000  0.00000  0.00000  0.00000  94.0000  83.0000  104.000
9.00000  77.0000  69.0000  86.0000  0.00000  0.00000  1.00000  137.000  125.000  149.000
9.20000  110.000  100.000  121.000  1.00000  0.00000  2.00000  159.000  145.000  172.000
9.40000  100.000  91.0000  110.000  0.00000  0.00000  1.00000  172.000  158.000  185.000
9.60000  92.0000  84.0000  102.000  1.00000  0.00000  2.00000  168.000  154.000  180.000
9.80000  88.0000  79.0000  97.0000  4.00000  2.00000  6.00000  158.000  143.000  170.000
10.0000  88.0000  79.0000  98.0000  15.0000  11.0000  19.0000  166.000  148.000  181.000
10.2000  70.0000  61.0000  77.0000  53.0000  44.0000  59.0000  148.000  132.000  160.000
10.4000  57.0000  50.0000  65.0000  117.000  105.000  129.000  94.0000  82.0000  104.000
10.6000  43.0000  36.0000  50.0000  181.000  168.000  194.000  48.0000  39.0000  55.0000
10.8000  34.0000  28.0000  40.0000  174.000  159.000  187.000  21.0000  17.0000  27.0000
11.0000  12.0000  8.00000  15.0000  96.0000  83.0000  106.000  4.00000  2.00000  5.00000
11.2000  9.00000  6.00000  12.0000  29.0000  23.0000  34.0000  1.00000  0.00000  2.00000
11.4000  3.00000  2.00000  5.00000  4.00000  2.00000  6.00000  0.00000  0.00000  1.00000
11.6000  3.00000  1.00000  4.00000  0.00000  0.00000  0.00000  0.00000  0.00000  1.00000
11.8000  0.00000  0.00000  0.00000  0.00000  0.00000  0.00000  0.00000  0.00000  0.00000
12.0000  0.00000  0.00000  0.00000  0.00000  0.00000  0.00000  0.00000  0.00000  0.00000
