6.00000  0.00000  0.00000  0.00000
6.20000  0.00000  0.00000  0.00000
6.40000  0.00000  0.00000  0.00000
6.60000  0.00000  0.00000  0.00000
6.80000  0.00000  0.00000  0.00000
7.00000  0.00000  0.00000  0.00000
7.20000  0.00000  0.00000  0.00000
7.40000  0.00000  0.00000  0.00000
7.60000  0.00000  0.00000  1.00000
7.80000  2.00000  1.00000  3.00000
8.00000  9.00000  6.00000  13.0000
8.20000  29.0000  24.0000  34.0000
8.40000  48.0000  41.0000  54.0000
8.60000  73.0000  65.0000  82.0000
8.80000  90.0000  81.0000  100.000
9.00000  80.0000  72.0000  90.0000
9.20000  65.0000  57.0000  73.0000
9.40000  54.0000  47.0000  61.0000
9.60000  51.0000  44.0000  59.0000
9.80000  38.0000  32.0000  44.0000
10.0000  39.0000  33.0000  45.0000
10.2000  31.0000  26.0000  37.0000
10.4000  21.0000  17.0000  26.0000
10.6000  19.0000  15.0000  24.0000
10.8000  17.0000  12.0000  20.0000
11.0000  7.00000  5.00000  10.0000
11.2000  2.00000  1.00000  4.00000
11.4000  0.00000  0.00000  1.00000
11.6000  0.00000  0.00000  0.00000
11.8000  0.00000  0.00000  0.00000
12.0000  0.00000  0.00000  0.00000
