6.00000  0.00000  0.00000  0.00000  0.00000  0.00000  0.00000  0.00000  0.00000  0.00000
6.20000  0.00000  0.00000  0.00000  0.00000  0.00000  1.00000  0.00000  0.00000  0.00000
6.40000  0.00000  0.00000  0.00000  0.00000  0.00000  1.00000  0.00000  0.00000  0.00000
6.60000  0.00000  0.00000  0.00000  0.00000  0.00000  1.00000  0.00000  0.00000  0.00000
6.80000  0.00000  0.00000  0.00000  0.00000  0.00000  0.00000  0.00000  0.00000  0.00000
7.00000  0.00000  0.00000  0.00000  0.00000  0.00000  0.00000  0.00000  0.00000  0.00000
7.20000  0.00000  0.00000  0.00000  0.00000  0.00000  0.00000  0.00000  0.00000  0.00000
7.40000  0.00000  0.00000  0.00000  0.00000  0.00000  0.00000  0.00000  0.00000  0.00000
7.60000  0.00000  0.00000  0.00000  0.00000  0.00000  0.00000  0.00000  0.00000  0.00000
7.80000  0.00000  0.00000  0.00000  0.00000  0.00000  0.00000  0.00000  0.00000  0.00000
8.00000  0.00000  0.00000  0.00000  0.00000  0.00000  0.00000  0.00000  0.00000  0.00000
8.20000  0.00000  0.00000  0.00000  0.00000  0.00000  1.00000  0.00000  0.00000  0.00000
8.40000  0.00000  0.00000  1.00000  18.0000  13.0000  22.0000  2.00000  1.00000  4.00000
8.60000  14.0000  11.0000  17.0000  170.000  154.000  183.000  23.0000  17.0000  28.0000
8.80000  45.0000  39.0000  52.0000  454.000  432.000  474.000  58.0000  50.0000  66.0000
9.00000  91.0000  81.0000  100.000  741.000  706.000  768.000  83.0000  73.0000  92.0000
9.20000  124.000  112.000  135.000  974.000  933.000  1005.00  93.0000  83.0000  102.000
9.40000  107.000  97.0000  117.000  1086.00  1048.00  1119.00  57.0000  50.0000  65.0000
9.60000  98.0000  88.0000  107.000  828.000  786.000  856.000  27.0000  21.0000  32.0000
9.80000  96.0000  86.0000  106.000  513.000  482.000  537.000  8.00000  4.00000  11.0000
10.0000  101.000  91.0000  111.000  192.000  174.000  205.000  2.00000  1.00000  4.00000
10.2000  81.0000  72.0000  90.0000  44.0000  36.0000  51.0000  0.00000  0.00000  1.00000
10.4000  65.0000  57.0000  73.0000  8.00000  5.00000  11.0000  0.00000  0.00000  0.00000
10.6000  46.0000  39.0000  53.0000  1.00000  0.00000  3.00000  0.00000  0.00000  0.00000
10.8000  34.0000  29.0000  40.0000  0.00000  0.00000  1.00000  0.00000  0.00000  0.00000
11.0000  12.0000  9.00000  15.0000  0.00000  0.00000  1.00000  0.00000  0.00000  0.00000
11.2000  10.0000  7.00000  13.0000  0.00000  0.00000  1.00000  0.00000  0.00000  0.00000
11.4000  3.00000  2.00000  5.00000  0.00000  0.00000  1.00000  0.00000  0.00000  0.00000
11.6000  2.00000  1.00000  4.00000  0.00000  0.00000  0.00000  0.00000  0.00000  0.00000
11.8000  0.00000  0.00000  0.00000  0.00000  0.00000  0.00000  0.00000  0.00000  0.00000
12.0000  0.00000  0.00000  0.00000  0.00000  0.00000  0.00000  0.00000  0.00000  0.00000
