6.00000  0.00000  0.00000  0.00000  0.00000  0.00000  0.00000  0.00000  0.00000  0.00000
6.20000  0.00000  0.00000  0.00000  0.00000  0.00000  0.00000  0.00000  0.00000  0.00000
6.40000  0.00000  0.00000  0.00000  0.00000  0.00000  0.00000  0.00000  0.00000  0.00000
6.60000  0.00000  0.00000  0.00000  0.00000  0.00000  0.00000  0.00000  0.00000  0.00000
6.80000  0.00000  0.00000  0.00000  0.00000  0.00000  0.00000  0.00000  0.00000  0.00000
7.00000  0.00000  0.00000  0.00000  0.00000  0.00000  0.00000  0.00000  0.00000  0.00000
7.20000  0.00000  0.00000  0.00000  0.00000  0.00000  0.00000  0.00000  0.00000  0.00000
7.40000  0.00000  0.00000  0.00000  0.00000  0.00000  0.00000  0.00000  0.00000  0.00000
7.60000  0.00000  0.00000  0.00000  0.00000  0.00000  0.00000  0.00000  0.00000  0.00000
7.80000  0.00000  0.00000  0.00000  0.00000  0.00000  0.00000  0.00000  0.00000  0.00000
8.00000  1.00000  0.00000  3.00000  0.00000  0.00000  0.00000  1.00000  0.00000  2.00000
8.20000  4.00000  2.00000  6.00000  0.00000  0.00000  0.00000  4.00000  2.00000  6.00000
8.40000  5.00000  3.00000  7.00000  0.00000  0.00000  0.00000  5.00000  3.00000  7.00000
8.60000  5.00000  3.00000  7.00000  0.00000  0.00000  0.00000  5.00000  3.00000  7.00000
8.80000  6.00000  4.00000  9.00000  0.00000  0.00000  0.00000  6.00000  4.00000  9.00000
9.00000  6.00000  4.00000  9.00000  0.00000  0.00000  0.00000  6.00000  4.00000  9.00000
9.20000  8.00000  5.00000  11.0000  0.00000  0.00000  0.00000  8.00000  5.00000  11.0000
9.40000  6.00000  4.00000  9.00000  2.00000  1.00000  3.00000  4.00000  2.00000  6.00000
9.60000  5.00000  3.00000  7.00000  2.00000  1.00000  4.00000  3.00000  1.00000  4.00000
9.80000  12.0000  9.00000  16.0000  10.0000  7.00000  13.0000  2.00000  1.00000  4.00000
10.0000  22.0000  17.0000  27.0000  21.0000  17.0000  25.0000  1.00000  0.00000  2.00000
10.2000  21.0000  16.0000  26.0000  20.0000  16.0000  25.0000  0.00000  0.00000  1.00000
10.4000  12.0000  9.00000  16.0000  13.0000  9.00000  16.0000  0.00000  0.00000  0.00000
10.6000  4.00000  2.00000  6.00000  4.00000  2.00000  6.00000  0.00000  0.00000  0.00000
10.8000  0.00000  0.00000  0.00000  0.00000  0.00000  0.00000  0.00000  0.00000  0.00000
11.0000  0.00000  0.00000  0.00000  0.00000  0.00000  0.00000  0.00000  0.00000  0.00000
11.2000  0.00000  0.00000  0.00000  0.00000  0.00000  0.00000  0.00000  0.00000  0.00000
11.4000  0.00000  0.00000  0.00000  0.00000  0.00000  0.00000  0.00000  0.00000  0.00000
11.6000  0.00000  0.00000  0.00000  0.00000  0.00000  0.00000  0.00000  0.00000  0.00000
11.8000  0.00000  0.00000  0.00000  0.00000  0.00000  0.00000  0.00000  0.00000  0.00000
12.0000  0.00000  0.00000  0.00000  0.00000  0.00000  0.00000  0.00000  0.00000  0.00000
