6.00000  0.00000  0.00000  0.00000  0.00000  0.00000  0.00000  0.00000  0.00000  0.00000
6.20000  0.00000  0.00000  0.00000  0.00000  0.00000  0.00000  0.00000  0.00000  0.00000
6.40000  0.00000  0.00000  0.00000  0.00000  0.00000  0.00000  0.00000  0.00000  0.00000
6.60000  0.00000  0.00000  0.00000  0.00000  0.00000  0.00000  0.00000  0.00000  0.00000
6.80000  0.00000  0.00000  0.00000  0.00000  0.00000  0.00000  0.00000  0.00000  0.00000
7.00000  0.00000  0.00000  0.00000  0.00000  0.00000  0.00000  0.00000  0.00000  0.00000
7.20000  0.00000  0.00000  0.00000  0.00000  0.00000  0.00000  0.00000  0.00000  0.00000
7.40000  0.00000  0.00000  0.00000  0.00000  0.00000  0.00000  0.00000  0.00000  0.00000
7.60000  0.00000  0.00000  0.00000  0.00000  0.00000  0.00000  0.00000  0.00000  0.00000
7.80000  0.00000  0.00000  0.00000  0.00000  0.00000  0.00000  0.00000  0.00000  0.00000
8.00000  0.00000  0.00000  0.00000  0.00000  0.00000  0.00000  0.00000  0.00000  0.00000
8.20000  0.00000  0.00000  0.00000  0.00000  0.00000  0.00000  0.00000  0.00000  0.00000
8.40000  1.00000  0.00000  2.00000  0.00000  0.00000  0.00000  1.00000  0.00000  2.00000
8.60000  15.0000  10.0000  19.0000  0.00000  0.00000  0.00000  15.0000  11.0000  19.0000
8.80000  48.0000  39.0000  54.0000  0.00000  0.00000  0.00000  48.0000  39.0000  54.0000
9.00000  92.0000  81.0000  102.000  0.00000  0.00000  0.00000  93.0000  81.0000  103.000
9.20000  127.000  112.000  137.000  0.00000  0.00000  0.00000  127.000  112.000  138.000
9.40000  110.000  96.0000  121.000  0.00000  0.00000  0.00000  111.000  97.0000  121.000
9.60000  100.000  88.0000  110.000  0.00000  0.00000  0.00000  100.000  88.0000  110.000
9.80000  96.0000  86.0000  107.000  0.00000  0.00000  0.00000  97.0000  86.0000  107.000
10.0000  101.000  90.0000  111.000  0.00000  0.00000  0.00000  101.000  90.0000  111.000
10.2000  81.0000  70.0000  90.0000  0.00000  0.00000  0.00000  81.0000  70.0000  90.0000
10.4000  64.0000  55.0000  72.0000  0.00000  0.00000  0.00000  65.0000  56.0000  73.0000
10.6000  46.0000  39.0000  53.0000  0.00000  0.00000  0.00000  46.0000  39.0000  53.0000
10.8000  37.0000  30.0000  43.0000  1.00000  0.00000  3.00000  35.0000  29.0000  41.0000
11.0000  17.0000  13.0000  21.0000  5.00000  3.00000  7.00000  12.0000  9.00000  16.0000
11.2000  17.0000  13.0000  21.0000  7.00000  4.00000  10.0000  10.0000  7.00000  13.0000
11.4000  10.0000  7.00000  13.0000  6.00000  4.00000  9.00000  3.00000  2.00000  5.00000
11.6000  6.00000  4.00000  9.00000  4.00000  2.00000  6.00000  3.00000  1.00000  4.00000
11.8000  1.00000  0.00000  2.00000  1.00000  0.00000  2.00000  0.00000  0.00000  0.00000
12.0000  0.00000  0.00000  0.00000  0.00000  0.00000  0.00000  0.00000  0.00000  0.00000
