6.00000  0.00000  0.00000  0.00000  0.00000  0.00000  0.00000  0.00000  0.00000  0.00000
6.20000  0.00000  0.00000  0.00000  0.00000  0.00000  0.00000  0.00000  0.00000  0.00000
6.40000  0.00000  0.00000  0.00000  0.00000  0.00000  0.00000  0.00000  0.00000  0.00000
6.60000  0.00000  0.00000  0.00000  0.00000  0.00000  0.00000  0.00000  0.00000  0.00000
6.80000  0.00000  0.00000  0.00000  0.00000  0.00000  0.00000  0.00000  0.00000  0.00000
7.00000  0.00000  0.00000  0.00000  0.00000  0.00000  0.00000  0.00000  0.00000  0.00000
7.20000  0.00000  0.00000  0.00000  0.00000  0.00000  0.00000  0.00000  0.00000  0.00000
7.40000  0.00000  0.00000  0.00000  0.00000  0.00000  0.00000  0.00000  0.00000  0.00000
7.60000  0.00000  0.00000  0.00000  0.00000  0.00000  0.00000  0.00000  0.00000  0.00000
7.80000  0.00000  0.00000  0.00000  0.00000  0.00000  0.00000  0.00000  0.00000  0.00000
8.00000  0.00000  0.00000  0.00000  0.00000  0.00000  0.00000  0.00000  0.00000  1.00000
8.20000  0.00000  0.00000  0.00000  0.00000  0.00000  0.00000  1.00000  0.00000  3.00000
8.40000  1.00000  0.00000  2.00000  0.00000  0.00000  0.00000  2.00000  1.00000  4.00000
8.60000  15.0000  12.0000  19.0000  0.00000  0.00000  1.00000  23.0000  18.0000  28.0000
8.80000  48.0000  41.0000  54.0000  0.00000  0.00000  1.00000  73.0000  64.0000  82.0000
9.00000  93.0000  84.0000  103.000  1.00000  0.00000  3.00000  125.000  112.000  137.000
9.20000  127.000  115.000  138.000  3.00000  2.00000  5.00000  139.000  126.000  151.000
9.40000  111.000  100.000  121.000  20.0000  16.0000  25.0000  144.000  130.000  157.000
9.60000  100.000  91.0000  110.000  101.000  88.0000  112.000  128.000  117.000  141.000
9.80000  97.0000  87.0000  107.000  321.000  290.000  339.000  95.0000  84.0000  105.000
10.0000  100.000  90.0000  111.000  531.000  487.000  556.000  59.0000  49.0000  67.0000
10.2000  79.0000  70.0000  88.0000  511.000  467.000  532.000  20.0000  15.0000  24.0000
10.4000  63.0000  56.0000  71.0000  307.000  279.000  324.000  5.00000  3.00000  7.00000
10.6000  46.0000  39.0000  52.0000  119.000  106.000  131.000  1.00000  0.00000  2.00000
10.8000  35.0000  29.0000  41.0000  14.0000  10.0000  18.0000  0.00000  0.00000  1.00000
11.0000  12.0000  9.00000  16.0000  1.00000  0.00000  2.00000  0.00000  0.00000  0.00000
11.2000  10.0000  7.00000  13.0000  0.00000  0.00000  0.00000  0.00000  0.00000  0.00000
11.4000  3.00000  2.00000  5.00000  0.00000  0.00000  0.00000  0.00000  0.00000  0.00000
11.6000  3.00000  1.00000  4.00000  0.00000  0.00000  1.00000  0.00000  0.00000  1.00000
11.8000  0.00000  0.00000  0.00000  0.00000  0.00000  1.00000  0.00000  0.00000  1.00000
12.0000  0.00000  0.00000  0.00000  0.00000  0.00000  0.00000  0.00000  0.00000  0.00000
