# Mhalo, fraction, err_upper, err_lower
      11.2000     0.216029    0.0179973    0.0463461
      11.6000     0.271336    0.0431582    0.0346653
      12.0000     0.320107    0.0424109    0.0659914
      12.4000     0.364789    0.0467944    0.0777086
      12.8000     0.413274    0.0510623    0.0901586
      13.2000     0.487314    0.0629297     0.108574
      13.6000     0.529150    0.0658144     0.120121
      14.0000     0.653700    0.0539669     0.133670
      14.4000     0.781153    0.0402855     0.144932
