# Mhalo, fraction, err_upper, err_lower
      11.2000     0.184668    0.0189578    0.0415335
      11.6000     0.141169    0.0559547    0.0298324
      12.0000     0.199943    0.0567627    0.0560601
      12.4000     0.241043    0.0652354    0.0696951
      12.8000     0.328269    0.0727053    0.0923922
      13.2000     0.431139    0.0832300     0.116061
      13.6000     0.541714    0.0817849     0.139861
      14.0000     0.674582    0.0648464     0.152302
      14.4000     0.721336    0.0540909     0.149463
