# Mhalo, fraction, err_upper, err_lower
      11.2000     0.783971    0.0462456    0.0180978
      11.6000     0.728664    0.0345655    0.0432580
      12.0000     0.679893    0.0658910    0.0425113
      12.4000     0.635210    0.0776088    0.0468943
      12.8000     0.586726    0.0900587    0.0511621
      13.2000     0.512686     0.108474    0.0630299
      13.6000     0.470850     0.120021    0.0659143
      14.0000     0.346300     0.133570    0.0540669
      14.4000     0.218847     0.144832    0.0403857
