# Mhalo, fraction, err_upper, err_lower
      11.2000     0.815333    0.0414330    0.0190583
      11.6000     0.858831    0.0297322    0.0560548
      12.0000     0.800056    0.0559602    0.0568625
      12.4000     0.758956    0.0695955    0.0653351
      12.8000     0.671731    0.0922921    0.0728054
      13.2000     0.568861     0.115961    0.0833299
      13.6000     0.458286     0.139761    0.0818849
      14.0000     0.325418     0.152202    0.0649464
      14.4000     0.278664     0.149363    0.0541908
