# [1] m:            [M_sun/h] 
# [2] sigma 
# [3] ln(1/sigma) 
# [4] n_eff 
# [5] f(sigma) 
# [6] dn/dm:        [h^4/(Mpc^3*M_sun)] 
# [7] dn/dlnm:      [h^3/Mpc^3] 
# [8] dn/dlog10m:   [h^3/Mpc^3] 
# [9] n(>m):        [h^3/Mpc^3] 
# [11] rho(>m):     [M_sun*h^2/Mpc^3] 
# [11] rho(<m):     [M_sun*h^2/Mpc^3] 
# [12] Lbox(N=1):   [Mpc/h]
1.000000000000000000e+06 7.909189420032133100e+00 -2.068025301185006715e+00 -2.623830257296612345e+00 1.725375600601559700e-01 8.151014762721194408e-04 8.151014762721193847e+02 1.876840508541622057e+03 8.986862679959106117e+02 4.761846023385026550e+10 2.773364976614973450e+10 1.036248618985593783e-01
1.122018454301962862e+06 7.852106112642616154e+00 -2.060781790413910741e+00 -2.621181127122873100e+00 1.731956670900166306e-01 6.545047427607080621e-04 7.343663998056734954e+02 1.690941124988249385e+03 8.094917271576641724e+02 4.752410754245235443e+10 2.782800245754764557e+10 1.072990462740914253e-01
1.258925411794166081e+06 7.795039718886640046e+00 -2.053487597928014274e+00 -2.618544707676003114e+00 1.738609587124514688e-01 5.255207664835346518e-04 6.615914473516696717e+02 1.523370604324309625e+03 7.291339339248505667e+02 4.742873061463388062e+10 2.792337938536611938e+10 1.111043073960922417e-01
1.412537544622752583e+06 7.737998238073391377e+00 -2.046143028580361900e+00 -2.615924110839309868e+00 1.745334636752250979e-01 4.219295278524844107e-04 5.959912992765856643e+02 1.372320681268419321e+03 6.567416517850326727e+02 4.733232400336093140e+10 2.801978599663906860e+10 1.150451937110802958e-01
1.584893192461110884e+06 7.680989089214830479e+00 -2.038748326525343213e+00 -2.613319972558531656e+00 1.752132161511648079e-01 3.387371035608705786e-04 5.368621294676180469e+02 1.236170736305176888e+03 5.915293663456930062e+02 4.723488267660484314e+10 2.811722732339515686e+10 1.191263668318820468e-01
1.778279410038919188e+06 7.624019291774769336e+00 -2.031303696749377607e+00 -2.610726580285919862e+00 1.759002538303383045e-01 2.719351727917480909e-04 4.835767186409413512e+02 1.113476543661607593e+03 5.327881843465236216e+02 4.713640090170873260e+10 2.821570909829126740e+10 1.233526465259470323e-01
1.995262314968874678e+06 7.567095763979651224e+00 -2.023809343107347836e+00 -2.608136996382922845e+00 1.765946144341184187e-01 2.183010805381698925e-04 4.355679193147956312e+02 1.002932198000681751e+03 4.798779658049666068e+02 4.703687127095137024e+10 2.831523872904862976e+10 1.277290641730070009e-01
2.238721138568333350e+06 7.510225057860038689e+00 -2.016265433084680758e+00 -2.605554368931536580e+00 1.772963389749808161e-01 1.752391288248948101e-04 3.923115420045913311e+02 9.033307084292795253e+02 4.322213931442177568e+02 4.693628581167091370e+10 2.841582418832908630e+10 1.322608309969414142e-01
2.511886431509572081e+06 7.453413170590789782e+00 -2.008672071179146368e+00 -2.602980423926821718e+00 1.780054742871705897e-01 1.406661002147280206e-04 3.533372685027410398e+02 8.135891272536460974e+02 3.892983972521448095e+02 4.683463708562964630e+10 2.851747291437035370e+10 1.369532873968685449e-01
2.818382931264443323e+06 7.396665692639164291e+00 -2.001029316591728779e+00 -2.600412477543267542e+00 1.787220714545754707e-01 1.129104856492135946e-04 3.182249855145224728e+02 7.327401078639855996e+02 3.506401663742041706e+02 4.673191744306392670e+10 2.862019255693607330e+10 1.418119336364452865e-01
3.162277660168366507e+06 7.339988143308575630e+00 -1.993337227272064416e+00 -2.597841410646039684e+00 1.794461817138815474e-01 9.063078426281569145e-05 2.865997043978408101e+02 6.599202070029683682e+02 3.158236585025304635e+02 4.662811761453502655e+10 2.872399238546497345e+10 1.468425034451499855e-01
3.548133892335738521e+06 7.283385884079757844e+00 -1.985595848052918555e+00 -2.595268440609586946e+00 1.801778575528994453e-01 7.274659264188745313e-05 2.581146509046225219e+02 5.943309474563459389e+02 2.844673796410477280e+02 4.652322719688420105e+10 2.882888280311579895e+10 1.520509632975242664e-01
3.981071705534953158e+06 7.226863776040035603e+00 -1.977805162813664808e+00 -2.592697050572252415e+00 1.809171572549967688e-01 5.839040365413968329e-05 2.324563838622602248e+02 5.352506042525420753e+02 2.562278408483256271e+02 4.641723627653684998e+10 2.893487372346315002e+10 1.574434366934238105e-01
4.466835921509607695e+06 7.170426280672592689e+00 -1.969965106215599171e+00 -2.590127319857729482e+00 1.816641438653908980e-01 4.686648209094285118e-05 2.093448857186102430e+02 4.820344131502140499e+02 2.307957154132568292e+02 4.631013528483626556e+10 2.904197471516373444e+10 1.630262051240720655e-01
5.011872336272694170e+06 7.114077756189253421e+00 -1.962075603490322839e+00 -2.587549752600398101e+00 1.824188814417397608e-01 3.761711842418987697e-05 1.885321952004911168e+02 4.341114222180944466e+02 2.078920695290492233e+02 4.620191329333781433e+10 2.915019670666218567e+10 1.688057979253783092e-01
5.623413251903456636e+06 7.057822591263687606e+00 -1.954136589100342825e+00 -2.584962014402507169e+00 1.831814332453604588e-01 3.019350054344335717e-05 1.697905310773535916e+02 3.909571457902566749e+02 1.872653553288405419e+02 4.609255767777686310e+10 2.925955232222313690e+10 1.747890359451445552e-01
6.309573444801891223e+06 7.001664780874632399e+00 -1.946147946618464797e+00 -2.582369362512344502e+00 1.839518675002759229e-01 2.423487141576647589e-05 1.529117011231085712e+02 3.520922035504307246e+02 1.686891215953234280e+02 4.598205604747169495e+10 2.937005395252830505e+10 1.809829409145860268e-01
7.079457843841330148e+06 6.945607923709181009e+00 -1.938109506386830327e+00 -2.579773730978079271e+00 1.847302576855277823e-01 1.945205106100606634e-05 1.377099754626414665e+02 3.170889366568540595e+02 1.519595930901413681e+02 4.587039681303533936e+10 2.948171318696466064e+10 1.873946952159026014e-01
7.943282347242756747e+06 6.889655453022558440e+00 -1.930021076956978110e+00 -2.577167684654997348e+00 1.855166795415331971e-01 1.561332145429166328e-05 1.240210206897015723e+02 2.855689534580129703e+02 1.368931458372697421e+02 4.575756749836698151e+10 2.959454250163301849e+10 1.940317342469817796e-01
8.912509381337385625e+06 6.833810953605345517e+00 -1.921882490683228584e+00 -2.574544472772618775e+00 1.863112066163875313e-01 1.253248853751634207e-05 1.116959216621176552e+02 2.571893641674228661e+02 1.233241878966339158e+02 4.564355356217082977e+10 2.970855643782917023e+10 2.009018388764147456e-01
9.999999999999918044e+06 6.778077784639373604e+00 -1.913693549164949159e+00 -2.571910075810470708e+00 1.871139155382675889e-01 1.005970535304637489e-05 1.005970535304629294e+02 2.316332758583679947e+02 1.111036218959891926e+02 4.552834017768318176e+10 2.982376982231681824e+10 2.080130559737713991e-01
1.122018454301953875e+07 6.722458902608637210e+00 -1.905453995733290773e+00 -2.569267686063697820e+00 1.879248887488692288e-01 8.074877144595806857e-06 9.060161172457561918e+01 2.086179205582423890e+02 1.000973419855739763e+02 4.541191356952748108e+10 2.994019643047251892e+10 2.153736086837297059e-01
1.258925411794155836e+07 6.666957042556797219e+00 -1.897163540320849107e+00 -2.566613692754724951e+00 1.887442121143518836e-01 6.481760740711471913e-06 8.160053309651382847e+01 1.878921710884000049e+02 9.018458969440796125e+01 4.529425972312127686e+10 3.005785027687872314e+10 2.229919688779160025e-01
1.412537544622741081e+07 6.611575116741250646e+00 -1.888821918478029271e+00 -2.563937648267606839e+00 1.895719690792127821e-01 5.203156410237738074e-06 7.349653780005290571e+01 1.692320323250752381e+02 8.125648460907112280e+01 4.517536251605319214e+10 3.017674748394680786e+10 2.308769926745525558e-01
1.584893192461097986e+07 6.556316020035174219e+00 -1.880428862897878917e+00 -2.561243606170966469e+00 1.904082434090848264e-01 4.176893214535633071e-06 6.619929621354476978e+01 1.524295126280053694e+02 7.321494598524414243e+01 4.505520474197662354e+10 3.029690525802337646e+10 2.390378925419285872e-01
1.778279410038904473e+07 6.501182252039652276e+00 -1.871984045291710475e+00 -2.558536803628299161e+00 1.912531249719377768e-01 3.353105445440294801e-06 5.962758373315805471e+01 1.372975854352239935e+02 6.597176853366343607e+01 4.493377025044617462e+10 3.041833974955382538e+10 2.474840936774606315e-01
1.995262314968858287e+07 6.446176051269006280e+00 -1.863487094728170090e+00 -2.555817527559700597e+00 1.921067079622731932e-01 2.691833009137613201e-06 5.370912961321501911e+01 1.236698412050739648e+02 5.944758286765601696e+01 4.481104343972563171e+10 3.054106656027436829e+10 2.562252544078851280e-01
2.238721138568314910e+07 6.391299770423327864e+00 -1.854937654657061730e+00 -2.553073640947365330e+00 1.929690851677093311e-01 2.161065224945985454e-06 4.838022400911468424e+01 1.113995825991001141e+02 5.357084727255168843e+01 4.468700684621389008e+10 3.066510315378610992e+10 2.652714400089463687e-01
2.511886431509551406e+07 6.336555945760635744e+00 -1.846335394627594884e+00 -2.550304756140323814e+00 1.938403466890035731e-01 1.735028606655658259e-06 4.358194815339270889e+01 1.003511441416414414e+02 4.827707910403317015e+01 4.456164102677685547e+10 3.079046897322314453e+10 2.746331793258582898e-01
2.818382931264420226e+07 6.281946781290990600e+00 -1.837679929461816908e+00 -2.547518549163755530e+00 1.947205880571958592e-01 1.393018295177354960e-06 3.926058986066919232e+01 9.040084895533006204e+01 4.350827927660890282e+01 4.443492730502101135e+10 3.091718269497898865e+10 2.843212790206575691e-01
3.162277660168340430e+07 6.227474181314017976e+00 -1.828970822230552740e+00 -2.544718146382764612e+00 1.956099099731703761e-01 1.118446877725252122e-06 3.536839575515596579e+01 8.143874082893601951e+01 3.921228953200226641e+01 4.430684827490523529e+10 3.104526172509476471e+10 2.943467645609698646e-01
3.548133892335709929e+07 6.173140049516020689e+00 -1.820207630586125003e+00 -2.541892944584964287e+00 1.965084135816833333e-01 8.980330033392892011e-07 3.186341335584159751e+01 7.336822060506824528e+01 3.534211549615217507e+01 4.417738522966903687e+10 3.117472477033096313e+10 3.047210710010012091e-01
3.981071705534920096e+07 6.118946613317295835e+00 -1.811389959702564223e+00 -2.539036337673063137e+00 1.974161949431334773e-01 7.210969121073158849e-07 2.870738513739036435e+01 6.610119707619388407e+01 3.185538005412063356e+01 4.404651676078623199e+10 3.130559323921376801e+10 3.154562016235460953e-01
4.466835921509570628e+07 6.064895910311640215e+00 -1.802517379892867089e+00 -2.536157595733306458e+00 1.983333533833352980e-01 5.790424076170841206e-07 2.586487426421378544e+01 5.955607391294400088e+01 2.871394827939219851e+01 4.391422155686611938e+10 3.143788844313388062e+10 3.265645427305844950e-01
5.011872336272653192e+07 6.010989629872840467e+00 -1.793589398863861817e+00 -2.533261589522075141e+00 1.992599943627900161e-01 4.649838017853011820e-07 2.330439452982637860e+01 5.366035144563020509e+01 2.588353764542785385e+01 4.378048004655026245e+10 3.157162995344973755e+10 3.380587039827078755e-01
5.623413251903410256e+07 5.957229344838441243e+00 -1.784605497962256315e+00 -2.530342248548572925e+00 2.001962257285568869e-01 3.734062196873056703e-07 2.099817484132750778e+01 4.835008436972333357e+01 2.333327675004402479e+01 4.364527221251516724e+10 3.170683778748483276e+10 3.499516852652216903e-01
6.309573444801839441e+07 5.903616987439606056e+00 -1.775565211792650588e+00 -2.527386944326923679e+00 2.011421493211847378e-01 2.998837745919399105e-07 1.892138700692244768e+01 4.356810366091085740e+01 2.103532204927817872e+01 4.350857504874651337e+10 3.184353495125348663e+10 3.622571323205979743e-01
7.079457843841272593e+07 5.850154513322158856e+00 -1.766468073428662633e+00 -2.524403402300567478e+00 2.020978665217492976e-01 2.408488824220078653e-07 1.705079509842887830e+01 3.926090661733827858e+01 1.896459679232195938e+01 4.337036452794458771e+10 3.198174547205541229e+10 3.749892307473096653e-01
7.943282347242692113e+07 5.796843490763103901e+00 -1.757313543677299750e+00 -2.521398899559548212e+00 2.030634856158899382e-01 1.934415204054649295e-07 1.536560614260516644e+01 3.538061564878039889e+01 1.709855873566900186e+01 4.323061848968809509e+10 3.212149151031190491e+10 3.881624304309091444e-01
8.912509381337313354e+07 5.743685281683357680e+00 -1.748101039451565475e+00 -2.518372885731160693e+00 2.040391188131067124e-01 1.553704899564206296e-07 1.384740949319573744e+01 3.188483867561674145e+01 1.541692237755908224e+01 4.308931545380399323e+10 3.226279454619600677e+10 4.017915245200118224e-01
9.999999999999836087e+07 5.690681532110017038e+00 -1.738830018137761835e+00 -2.515308955417352443e+00 2.050248732204079660e-01 1.248003246339088068e-07 1.248003246339067651e+01 2.873633671028513348e+01 1.390139299291154273e+01 4.294643113107357025e+10 3.240567886892642975e+10 4.158919934845510258e-01
1.122018454301946908e+08 5.637834146005429758e+00 -1.729499975090981634e+00 -2.512209409961082329e+00 2.060208508848407061e-01 1.002510112450984883e-07 1.124834846794325038e+01 2.590027950308854443e+01 1.253547758757720665e+01 4.280193881036274719e+10 3.255017118963725281e+10 4.304800588599929090e-01
1.258925411794145554e+08 5.585144663969429324e+00 -1.720110334418371023e+00 -2.509084975125528416e+00 2.070271602923444698e-01 8.053373047053892370e-08 1.013859597959419467e+01 2.334497996650295804e+01 1.130434610083742442e+01 4.265581336013349915e+10 3.269629663986650085e+10 4.455723006774765516e-01
1.412537544622726440e+08 5.532614342720481027e+00 -1.710660460189142640e+00 -2.505939683933828377e+00 2.080439151510214968e-01 6.469625732390517896e-08 9.138589246658909815e+00 2.104237937035249217e+01 1.019466211741604234e+01 4.250803151161731720e+10 3.284407848838268280e+10 4.611855816181869017e-01
1.584893192461085021e+08 5.480244567477283724e+00 -1.701149729065769556e+00 -2.502757449549314117e+00 2.090712264875859427e-01 5.197646269125897263e-08 8.237714188758390677e+00 1.896803789138061092e+01 9.194401685872719554e+00 4.235856784907428741e+10 3.299354215092571259e+10 4.773374501852812868e-01
1.778279410038893819e+08 5.428037168378179622e+00 -1.691577589476477517e+00 -2.499532053912390861e+00 2.101091960109469914e-01 4.176048131020904421e-08 7.426180406725879202e+00 1.709941230241146926e+01 8.292715431027922079e+00 4.220739323170044708e+10 3.314471676829955292e+10 4.940464076933863691e-01
1.995262314968841970e+08 5.375993736155831648e+00 -1.681943438070584662e+00 -2.496277116387171535e+00 2.111579292433727328e-01 3.355391829854763230e-08 6.694886870063553985e+00 1.541554670628990564e+01 7.479841455810390727e+00 4.205447925112833405e+10 3.329763074887166595e+10 5.113314859156977699e-01
2.238721138568291962e+08 5.324115495617468774e+00 -1.672246593689277860e+00 -2.492999655137589698e+00 2.122175382736035953e-01 2.696085710659607531e-08 6.035784071845578858e+00 1.389790642836253376e+01 6.747005127444082540e+00 4.189980026035153198e+10 3.345230973964846802e+10 5.292119633397734946e-01
2.511886431509530842e+08 5.272403626731999360e+00 -1.662486354727115145e+00 -2.489688727749388431e+00 2.132881353958819837e-01 2.166436812208189864e-08 5.441843233308513383e+00 1.253030710742670273e+01 6.086299789049354203e+00 4.174332964707950592e+10 3.360878035292049408e+10 5.477077504693586008e-01
2.818382931264402866e+08 5.220859831705359611e+00 -1.652662107047410789e+00 -2.486328700834969041e+00 2.143698210136152638e-01 1.740977319879103804e-08 4.906740762065712858e+00 1.129818813391875487e+01 5.490587408015720428e+00 4.158503632458789825e+10 3.376707367541210175e+10 5.668398791276273441e-01
3.162277660168314576e+08 5.169485806170616371e+00 -1.642773226353756888e+00 -2.482932715939714541e+00 2.154626940189326434e-01 1.399146895305675078e-08 4.424490970318991856e+00 1.018776695234327256e+01 4.953438530859171962e+00 4.142488840350978088e+10 3.392722159649021912e+10 5.866301870555812314e-01
3.548133892335673571e+08 5.118282802307125401e+00 -1.632818992621163590e+00 -2.479510783545945785e+00 2.165668610580366582e-01 1.124470083549856321e-08 3.989770414360771955e+00 9.186785880575790486e+00 4.469074710036197828e+00 4.126285716804753876e+10 3.408925283195246124e+10 6.071007858572842197e-01
3.981071705534887910e+08 5.067251883094627374e+00 -1.622798635756495633e+00 -2.476059821077007506e+00 2.176824313505416331e-01 9.037519577851499919e-09 3.597901347960221319e+00 8.284474009876388934e+00 4.032293212774895608e+00 4.109891458949639130e+10 3.425319541050360870e+10 6.282743049764273335e-01
4.466835921509543657e+08 5.016394567527673765e+00 -1.612711462024757125e+00 -2.472557076113326424e+00 2.188095023355981494e-01 7.264166937348929323e-09 3.244784181559216218e+00 7.471391686441137381e+00 3.638396570366959182e+00 4.093302817488484192e+10 3.441908182511515808e+10 6.501745844788281437e-01
5.011872336272612214e+08 4.965712654657405523e+00 -1.602556822878125509e+00 -2.469009371829963939e+00 2.199481626971009074e-01 5.839173262113447142e-09 2.926519093908909408e+00 6.738559239997097272e+00 3.283147797206004803e+00 4.076516247635999298e+10 3.458694752364000702e+10 6.728266556341750970e-01
5.623413251903352737e+08 4.915207483406892841e+00 -1.592333967033032316e+00 -2.465431527157039948e+00 2.210985086065371252e-01 4.693894481590875435e-09 2.639570843081414875e+00 6.077836475180991904e+00 2.962737904326553817e+00 4.059528501431321716e+10 3.475682498568678284e+10 6.962559540600316010e-01
6.309573444801788330e+08 4.864880087644372075e+00 -1.582042067367988913e+00 -2.461827884070571404e+00 2.222606405172864452e-01 3.773357218260629743e-09 2.380827450208841345e+00 5.482057795841901893e+00 2.673740547550982782e+00 4.042336593314085388e+10 3.492874406685914612e+10 7.204882666322967033e-01
7.079457843841228485e+08 4.814731773240525037e+00 -1.571680337206321720e+00 -2.458173732832916958e+00 2.234346497216908034e-01 3.033575067102416861e-09 2.147606680367938559e+00 4.945047127829644396e+00 2.413062924459195013e+00 4.024937168571887970e+10 3.510273831428112030e+10 7.455505890493477894e-01
7.943282347242627144e+08 4.764764386494952930e+00 -1.561248089187929677e+00 -2.454464584827232621e+00 2.246206111508482206e-01 2.439027637519488246e-09 1.937388517754544015e+00 4.461001920319443315e+00 2.177911698255468931e+00 4.007326355951396179e+10 3.527884644048603821e+10 7.714715425721759834e-01
8.912509381337221861e+08 4.714979418169797043e+00 -1.550744550894514129e+00 -2.450720040111711295e+00 2.258186038084186165e-01 1.961090517693904140e-09 1.747823763659839047e+00 4.024512943383894203e+00 1.965773826662886359e+00 3.989500479159418488e+10 3.545710520840581512e+10 7.982804323829280069e-01
9.999999999999754429e+08 4.665377944704187207e+00 -1.540168848103171007e+00 -2.446949531305736336e+00 2.270287123774160642e-01 1.576847588278074255e-09 1.576847588278035506e+00 3.630825750692617593e+00 1.774390359310974441e+00 3.971456287441881561e+10 3.563754712558118439e+10 8.260067765304064391e-01
1.122018454301937819e+09 4.615961081859805581e+00 -1.529520098030699327e+00 -2.443133820886796759e+00 2.282510161795027193e-01 1.267966353384875170e-09 1.422681647931762328e+00 3.275845554603879606e+00 1.601723576678562688e+00 3.953190325150878906e+10 3.582020674849121094e+10 8.546811858562004538e-01
1.258925411794135332e+09 4.566730626781451363e+00 -1.518797549932439761e+00 -2.439254337778539394e+00 2.294855724346074877e-01 1.019683700398074548e-09 1.283705722423413631e+00 2.955841660243304858e+00 1.445931396307383654e+00 3.934698466788307190e+10 3.600512533211692810e+10 8.843362698251919785e-01
1.412537544622714996e+09 4.517688269189761741e+00 -1.508000418142079857e+00 -2.435332209226823252e+00 2.307324347665005160e-01 8.200603840577962195e-10 1.158366081339360143e+00 2.667236471121939179e+00 1.305354443023253097e+00 3.915976577200390625e+10 3.619234422799609375e+10 9.150058051973641859e-01
1.584893192461071968e+09 4.468835176292536460e+00 -1.497127787707632107e+00 -2.431380393011954411e+00 2.319916636008338418e-01 6.595358049480629899e-10 1.045293807446518342e+00 2.406877938825341623e+00 1.178501582774571510e+00 3.897021036909951019e+10 3.638189963090048981e+10 9.467237596618409690e-01
1.778279410038879156e+09 4.420172352391182891e+00 -1.486178689083031301e+00 -2.427390748408901455e+00 2.332633170402685641e-01 5.304555225097035586e-10 9.432981336204210310e-01 2.172024220723486998e+00 1.064029028785851372e+00 3.877828260884582520e+10 3.657382739115417480e+10 9.795249617497445715e-01
1.995262314968825817e+09 4.371701443300243461e+00 -1.475152279624860840e+00 -2.423332789424653466e+00 2.345474290844230536e-01 4.266778543371659866e-10 8.513342433907052920e-01 1.960269537986802924e+00 9.607216848180946123e-01 3.858393966169220734e+10 3.676817033830779266e+10 1.013446441723221625e+00
2.238721138568273544e+09 4.323424332435459760e+00 -1.464047757804679772e+00 -2.419221118262003589e+00 2.358440187184118186e-01 3.432257401060829764e-10 7.683867196762284024e-01 1.769275806381078286e+00 8.674830512088980150e-01 3.838713548459147644e+10 3.696497451540852356e+10 1.048527118329634522e+00
2.511886431509510040e+09 4.275342324505556846e+00 -1.452864175090551768e+00 -2.415074525154802476e+00 2.371531111163214522e-01 2.761045287647561205e-10 6.935432194825180696e-01 1.596942278527543779e+00 7.833275990861827687e-01 3.818782916486547852e+10 3.716428083513452148e+10 1.084806279651414851e+00
2.818382931264379978e+09 4.227456413530343404e+00 -1.441600491513992388e+00 -2.410896422799501337e+00 2.384747304858645112e-01 2.221151562273656096e-10 6.260055650863284304e-01 1.441431082299093891e+00 7.073682650655170878e-01 3.798598310485840607e+10 3.736612689514159393e+10 1.122323722481167740e+00
3.162277660168288708e+09 4.179768027312330325e+00 -1.430255749138418686e+00 -2.406650924442607753e+00 2.398088788634261947e-01 1.786980018050795521e-10 5.650926990249155457e-01 1.301174024934541595e+00 6.388031373846765337e-01 3.778155364710871887e+10 3.757055635289128113e+10 1.161121463646051843e+00
3.548133892335644245e+09 4.132279171314878319e+00 -1.418829112216841271e+00 -2.402338354864657521e+00 2.411555303040646414e-01 1.437794371861318436e-10 5.101486941010582310e-01 1.174660778247476278e+00 5.769072673051263145e-01 3.757449046535024261e+10 3.777761953464975739e+10 1.201244272744129704e+00
3.981071705534855366e+09 4.084991345634770177e+00 -1.407319609738062249e+00 -2.397984547927145993e+00 2.425146601513190614e-01 1.156883969118923808e-10 4.605638036046206807e-01 1.060487348552636933e+00 5.210285641351237729e-01 3.736474721793280029e+10 3.798736278206719971e+10 1.242737744539819778e+00
4.466835921509507179e+09 4.037905617615542120e+00 -1.395726146070066065e+00 -2.393600871580862766e+00 2.438862428530422233e-01 9.308721543042431062e-11 4.158053177179134030e-01 9.574271261649204279e-01 4.705807022671850692e-01 3.715228356651325989e+10 3.819982643348674011e+10 1.285647655445432802e+00
5.011872336272571564e+09 3.991023196570483211e+00 -1.384047638269821912e+00 -2.389156679068099809e+00 2.452702346386286814e-01 7.490638589851559927e-11 3.754212432949282086e-01 8.644393584041926148e-01 4.250340401529574264e-01 3.693705532685945129e+10 3.841505467314054871e+10 1.330021808670517780e+00
5.623413251903306961e+09 3.944346087599913009e+00 -1.372283183296204800e+00 -2.384632628413616118e+00 2.466665523928421588e-01 6.028217263696827000e-11 3.389915684602503032e-01 7.805569321872428690e-01 3.839091328881716891e-01 3.671900897928200531e+10 3.863310102071799469e+10 1.375911557675163044e+00
6.309573444801736832e+09 3.897876036353851159e+00 -1.360431798720739049e+00 -2.380059258682483581e+00 2.480751030230782528e-01 4.851516649882694395e-11 3.061100062111333231e-01 7.048443371180703743e-01 3.467741011555390274e-01 3.649809244656886292e+10 3.885401755343113708e+10 1.423369913768689488e+00
7.079457843841170311e+09 3.851614230861126309e+00 -1.348492341169233333e+00 -2.375451802947427193e+00 2.494957918424019760e-01 3.904571243014621959e-11 2.764224751319653284e-01 6.364862706073807219e-01 3.132408359624028749e-01 3.627426132574017334e+10 3.907784867425982666e+10 1.472449950925096340e+00
7.943282347242561340e+09 3.805561739338980232e+00 -1.336463612306485027e+00 -2.370794442351284559e+00 2.509285085430619233e-01 3.142582753561618076e-11 2.496242211111492082e-01 5.747810103807817761e-01 2.829591539376989373e-01 3.604747068638426208e+10 3.930463931361573792e+10 1.523206381696651457e+00
8.912509381337148666e+09 3.759720431057896217e+00 -1.324344601195400095e+00 -2.366049396966911189e+00 2.523730967048560259e-01 2.529546361013334802e-11 2.254460567305859309e-01 5.191087295021371562e-01 2.556119104406260889e-01 3.581766545451152039e+10 3.953444454548847961e+10 1.575697954553013203e+00
9.999999999999671936e+09 3.714092303551929319e+00 -1.312134315489734471e+00 -2.361242218390460668e+00 2.538293721500253231e-01 2.036208504308540470e-11 2.036208504308473777e-01 4.688543348248394027e-01 2.309128338324517582e-01 3.558478783526477051e+10 3.976732216473522949e+10 1.629986383000294303e+00
1.122018454301928520e+10 3.668678695828159420e+00 -1.299831568856002484e+00 -2.356394020342354345e+00 2.552971465143640262e-01 1.639117920956903533e-11 1.839120556090655667e-01 4.234731576673264053e-01 2.086046465201477074e-01 3.534878807710750580e+10 4.000332192289249420e+10 1.686133695625023465e+00
1.258925411794124985e+10 3.623480653200531698e+00 -1.287435070295467998e+00 -2.351505963623468531e+00 2.567762146886160002e-01 1.319486485574381672e-11 1.661135067208511229e-01 3.824904843203980609e-01 1.884555554704546720e-01 3.510962015503634644e+10 4.024248984496365356e+10 1.744202957270286181e+00
1.412537544622703552e+10 3.578499810941918824e+00 -1.274943665364857814e+00 -2.346529688066314900e+00 2.582663239534119248e-01 1.062277077973479033e-11 1.500506255429638336e-01 3.455043335696601492e-01 1.702556850232032903e-01 3.486722894666699982e+10 4.048488105333300018e+10 1.804261404936359225e+00
1.584893192461058998e+10 3.533738348174709998e+00 -1.262356332722656349e+00 -2.341474016061713570e+00 2.597671721996293037e-01 8.552662807292979670e-12 1.355505706069353444e-01 3.121167232263661884e-01 1.538151586033026930e-01 3.462155156844407654e+10 4.073055843155592346e+10 1.866380926175362998e+00
1.778279410038864517e+10 3.489197807247942595e+00 -1.249671855136955445e+00 -2.336369787180628599e+00 2.612784448453466246e-01 6.886109108203886351e-12 1.224542604240005800e-01 2.819613546259144843e-01 1.389632066569957414e-01 3.437253213313091278e+10 4.097957786686908722e+10 1.930634477543768490e+00
1.995262314968809509e+10 3.444879311398130639e+00 -1.236888870876083679e+00 -2.331230172041820037e+00 2.627998061504467353e-01 5.544289246258652767e-12 1.106231139634671484e-01 2.547191331528609326e-01 1.255461944625264059e-01 3.412012274347107315e+10 4.123198725652893066e+10 1.997095419917173986e+00
2.238721138568255234e+10 3.400784238500430323e+00 -1.224006063407040434e+00 -2.326009928735553345e+00 2.643308738984532780e-01 4.464219684800002465e-12 9.994142975574278609e-02 2.301236463280849076e-01 1.134251249755028196e-01 3.386426920377094650e+10 4.148784079622904968e+10 2.065841089051977164e+00
2.511886431509489822e+10 3.356914815411117914e+00 -1.211022342463287105e+00 -2.320692310577214812e+00 2.658711951075701241e-01 3.594860034688423512e-12 9.029880144309584966e-02 2.079206741181017504e-01 1.024740169643481996e-01 3.360490525585428238e+10 4.174720474414572144e+10 2.136955178005004896e+00
2.818382931264356995e+10 3.313272846262820259e+00 -1.197936476178652176e+00 -2.315317312196524036e+00 2.674202867985737697e-01 2.894861994361007971e-12 8.158829633272959847e-02 1.878639948985239561e-01 9.257940023893260206e-02 3.334196880666210938e+10 4.201014119333789062e+10 2.210523887416968591e+00
3.162277660168262863e+10 3.269859583811690840e+00 -1.184747043256812793e+00 -2.309902960356772006e+00 2.689776382812013034e-01 2.331151547982147729e-12 7.371748462650609679e-02 1.697407811940107036e-01 8.363928083661927027e-02 3.307540876740949631e+10 4.227670123259049988e+10 2.286633543448685746e+00
3.548133892335615540e+10 3.226676217871223162e+00 -1.171452572700051764e+00 -2.304421799754765576e+00 2.705426909919886880e-01 1.877266523047878948e-12 6.660792975373218405e-02 1.533704261261382984e-01 7.556150065361558199e-02 3.280517219555713654e+10 4.254693780444286346e+10 2.365373944172607157e+00
3.981071705534822845e+10 3.183724862646763132e+00 -1.158051851763049589e+00 -2.298830311591634423e+00 2.721147986382269623e-01 1.511887449100979352e-12 6.018932345569128622e-02 1.385910389464716230e-01 6.826246402680036240e-02 3.253119227785449219e+10 4.282091772214550781e+10 2.446842487687624690e+00
4.466835921509470367e+10 3.141007611698496849e+00 -1.144543643889611717e+00 -2.293167586774820244e+00 2.736932567782033310e-01 1.217656304466733876e-12 5.439070920844479157e-02 1.252392362207389587e-01 6.166670714762013256e-02 3.225340128212357330e+10 4.309870871787642670e+10 2.531141437442658848e+00
5.011872336272530365e+10 3.098525865593257489e+00 -1.130926471164191094e+00 -2.287456520659256753e+00 2.752773239724747301e-01 9.806769673310214240e-13 4.915027763385985959e-02 1.131726965962443765e-01 5.570640882719557485e-02 3.197174372551725388e+10 4.338036627448274231e+10 2.618373594720409425e+00
5.623413251903260803e+10 3.056280753626034574e+00 -1.117198736726543906e+00 -2.281693329055042074e+00 2.768662026257565634e-01 7.898125156051363383e-13 4.441442166772974903e-02 1.022679852460662703e-01 5.032039178113783401e-02 3.168616816282469177e+10 4.366594183717530823e+10 2.708644414279781198e+00
6.309573444801684570e+10 3.014274147206095211e+00 -1.103359053999565687e+00 -2.275816282555900294e+00 2.784589961053149376e-01 6.361421560765708472e-13 4.013785655099619959e-02 9.242083015905726284e-02 4.545317139600976719e-02 3.139661037302561951e+10 4.395549962697438049e+10 2.802067565775510971e+00
7.079457843841113281e+10 2.972508370689639801e+00 -1.089406165622447853e+00 -2.269846482924976261e+00 2.800547137163644784e-01 5.123906967513037819e-13 3.627448337227230646e-02 8.352508466905460283e-02 4.105452352530698790e-02 3.110299829014163589e+10 4.424911170985836792e+10 2.898764904339424131e+00
7.943282347242497253e+10 2.930985014302540215e+00 -1.075338548888165269e+00 -2.263819168787726710e+00 2.816523106775391527e-01 4.127071482260835964e-13 3.278249405085042339e-02 7.548448211265418317e-02 3.707928435576428317e-02 3.080527157262313080e+10 4.454683842737686920e+10 2.998860189055783110e+00
8.912509381337075806e+10 2.889705265431937065e+00 -1.061154512643983860e+00 -2.257748934562119558e+00 2.832506706246559203e-01 3.324037724357249403e-13 2.962551740225232919e-02 6.821527474266191049e-02 3.348679043438139435e-02 3.050338061503546906e+10 4.484872938496453094e+10 3.102478819320930725e+00
9.999999999999591064e+10 2.848670698884857355e+00 -1.046852464028332763e+00 -2.251571783921744618e+00 2.848485691663563690e-01 2.677369810159868508e-13 2.677369810159759000e-02 6.164871813306159465e-02 3.024019061248832407e-02 3.019726650067920685e+10 4.515484349932079315e+10 3.209754565231180745e+00
1.122018454301919403e+11 2.807883735698349703e+00 -1.032431080640537902e+00 -2.245277647506642271e+00 2.864446490389366273e-01 2.156612379712326068e-13 2.419758888813208081e-02 5.571700746021129858e-02 2.730604747265651458e-02 2.988685592887447357e+10 4.546525407112552643e+10 3.320833129471108869e+00
1.258925411794114685e+11 2.767346222146530810e+00 -1.017888818436785581e+00 -2.238916054641930664e+00 2.880374686214123292e-01 1.737103574129271623e-13 2.186883832389721616e-02 5.035486112570262962e-02 2.465425075800867921e-02 2.957208461670611191e+10 4.578002538329388428e+10 3.435864780541841856e+00
1.412537544622691956e+11 2.727059468707651035e+00 -1.003223910999216928e+00 -2.232509641017612179e+00 2.896254937785909811e-01 1.399116516366139246e-13 1.976304608668880830e-02 4.550609531136396574e-02 2.225772684708202456e-02 2.925290441066863632e+10 4.609920558933135986e+10 3.555001027233732902e+00
1.584893192461046143e+11 2.687024800013642523e+00 -9.884345592199547115e-01 -2.226013176835670571e+00 2.912070687554098036e-01 1.126885128036047789e-13 1.785992568109926598e-02 4.112399863528070493e-02 2.009197449841591820e-02 2.892926387661785126e+10 4.642284612338214874e+10 3.678401467995171092e+00
1.778279410038850098e+11 2.647244553745791151e+00 -9.735193080010827726e-01 -2.219379298806384959e+00 2.927803684387732530e-01 9.076662443898374176e-14 1.614084193585738763e-02 3.716566202987837964e-02 1.813473298178695098e-02 2.860109368403778076e+10 4.675101631596221924e+10 3.806240957430627070e+00
1.995262314968793030e+11 2.607720877937875770e+00 -9.584766130062180034e-01 -2.212663680638323971e+00 2.943434373113527625e-01 7.310697436091044567e-14 1.458675909037143725e-02 3.358725403658466280e-02 1.636591008012538290e-02 2.826832789956109238e+10 4.708378210043890381e+10 3.938703416592339579e+00
2.238721138568237000e+11 2.568455218155765607e+00 -9.433046357549985661e-01 -2.205892214620135405e+00 2.958942008931214063e-01 5.887895250541874860e-14 1.318135555906362055e-02 3.035119281575409181e-02 1.476744890881692002e-02 2.793091980161141968e+10 4.742119019838858032e+10 4.075974963126953732e+00
2.511886431509469299e+11 2.529448775813538663e+00 -9.280014038286711342e-01 -2.199051416742815235e+00 2.974304379597740300e-01 4.741701553019550571e-14 1.191061579329718775e-02 2.742520637402555764e-02 1.332303892907243416e-02 2.758882764983729553e+10 4.776328235016270447e+10 4.218249215088446746e+00
2.818382931264334106e+11 2.490703644202574729e+00 -9.125652585893011537e-01 -2.192064598518342233e+00 2.989497256607119846e-01 3.818730103669924121e-14 1.076264374328859443e-02 2.478190304450195516e-02 1.201786119360925137e-02 2.724199290904446411e+10 4.811011709095553589e+10 4.365737361896853130e+00
3.162277660168237305e+11 2.452222240160252031e+00 -8.969946502474354100e-01 -2.184970324783303219e+00 3.004494518597476960e-01 3.075310741840726514e-14 9.724986456998338177e-03 2.239260884545335450e-02 1.083849839636037357e-02 2.689035156092012787e+10 4.846175843907987213e+10 4.518666548664594274e+00
3.548133892335585938e+11 2.414006172779523673e+00 -8.812876797472667389e-01 -2.177808719088082601e+00 3.019268483441545636e-01 2.476388440223168552e-14 8.786557755343881587e-03 2.023179690618604615e-02 9.772888252569392892e-03 2.653385963339374924e+10 4.881825036660624695e+10 4.677269084532223786e+00
3.981071705534790039e+11 2.376056656941794465e+00 -8.654422467303219957e-01 -2.170594329757711716e+00 3.033789621947841075e-01 1.993869035789433511e-14 7.937735602923247369e-03 1.827731167141917468e-02 8.810160538129266014e-03 2.617248860175870895e+10 4.917962139824128723e+10 4.841783795631138254e+00
4.466835921509433594e+11 2.338375448511554655e+00 -8.494564354917154558e-01 -2.163238674851554855e+00 3.048026073195375107e-01 1.605330452670368311e-14 7.170747731881001001e-03 1.651125683305005795e-02 7.940446325517538581e-03 2.580619769306005096e+10 4.954591230693994904e+10 5.012468947864321400e+00
5.011872336272489014e+11 2.300965101476740049e+00 -8.333286442614382672e-01 -2.155743601142434240e+00 3.061943433462457897e-01 1.292455775868037290e-14 6.477623348928612627e-03 1.491527896127319182e-02 7.154782930659461110e-03 2.543493132019773102e+10 4.991717867980226898e+10 5.189607500390127193e+00
5.623413251903215332e+11 2.263827452615743141e+00 -8.170569439275919832e-01 -2.148169567832412419e+00 3.075505199406837198e-01 1.040432199878708362e-14 5.850780220504743674e-03 1.347191931811863967e-02 6.445102973674668098e-03 2.505865221110805511e+10 5.029345778889194489e+10 5.373493318101874472e+00
6.309573444801633301e+11 2.226963811487579381e+00 -8.006391382498809772e-01 -2.140545856440084105e+00 3.088672540231064412e-01 8.374111598069035365e-15 5.283707216298175018e-03 1.216618547199324434e-02 5.804150353921873687e-03 2.467734818510630798e+10 5.067476181489369202e+10 5.564426991971220815e+00
7.079457843841054688e+11 2.190375606355301930e+00 -7.840730388735729361e-01 -2.132800666107854681e+00 3.101403907135973359e-01 6.739403091060707159e-15 4.771132007581637552e-03 1.098593743736423455e-02 5.225347281187939230e-03 2.429100338075252151e+10 5.106110661924748230e+10 5.762730107121040390e+00
7.943282347242431641e+11 2.154065338432495924e+00 -7.673569118082651519e-01 -2.124885408527042330e+00 3.113654568360056385e-01 5.423498477964664860e-15 4.308037972031292066e-03 9.919624014451552951e-03 4.702708244892546234e-03 2.389958124253209686e+10 5.145252875746790314e+10 5.968758233220209597e+00
8.912509381337003174e+11 2.118035134955541743e+00 -7.504888357836163593e-01 -2.116876485201863112e+00 3.125376980159108031e-01 4.363832027212325090e-15 3.889269388110871885e-03 8.955373715702168516e-03 4.230833301638705149e-03 2.350305817608247375e+10 5.184905182391752625e+10 6.182887749834655722e+00
9.999999999999509277e+11 2.082286418964867991e+00 -7.334665298784006637e-01 -2.108806190309751027e+00 3.136520714027886680e-01 3.510463717358274012e-15 3.510463717358101865e-03 8.083141425085229453e-03 3.804870423119021718e-03 2.310144250981892014e+10 5.225066749018107605e+10 6.405505025492765014e+00
1.122018454301910156e+12 2.046820405326144954e+00 -7.162875672786958026e-01 -2.100643271054776662e+00 3.147032102284763599e-01 2.823431976500611691e-15 3.167942782099803303e-03 7.294457825521092308e-03 3.420430441853865473e-03 2.269475106683275986e+10 5.265735893316723633e+10 6.637019276408671509e+00
1.258925411794104492e+12 2.011639345728241768e+00 -6.989499845438775782e-01 -2.092293200259700559e+00 3.156853713866850097e-01 2.270618718665334556e-15 2.858539605423158006e-03 6.582030683180445374e-03 3.073518229136328311e-03 2.228298101726711273e+10 5.306912898273288727e+10 6.877882237123220222e+00
1.412537544622680420e+12 1.976745653351539733e+00 -6.814518830801987725e-01 -2.083820321445357671e+00 3.165924502072759994e-01 1.825683018994948180e-15 2.578845808910446621e-03 5.938011916727365877e-03 2.760517164138634200e-03 2.186613225574064636e+10 5.348597774425935364e+10 7.128582542946391598e+00
1.584893192461033203e+12 1.942140872727738499e+00 -6.637909072628148666e-01 -2.075271323865903739e+00 3.174179902495052330e-01 1.467540280716578890e-15 2.325894600570059621e-03 5.355570235147959733e-03 2.478177610341752209e-03 2.144424046623496628e+10 5.390786953376502991e+10 7.389627106529474965e+00
1.778279410038835449e+12 1.907826155313716798e+00 -6.459644553077671381e-01 -2.066657218336135138e+00 3.181551481601059272e-01 1.179299992080651458e-15 2.097124894175984248e-03 4.828808519476337352e-03 2.223568141476145888e-03 2.101736602691902161e+10 5.433474397308097839e+10 7.661547862387950936e+00
1.995262314968776855e+12 1.873803367718927859e+00 -6.279702518003481559e-01 -2.057856871990229486e+00 3.187966525686771191e-01 9.474903703517977192e-16 1.890491829758751728e-03 4.353018305629539203e-03 1.994022470848499755e-03 2.058555642324910355e+10 5.476655357675090027e+10 7.944928331942273658e+00
2.238721138568218750e+12 1.840075089202242831e+00 -6.098063801372604065e-01 -2.048891927815511771e+00 3.193347980932406127e-01 7.610624266685527762e-16 1.703806542352913865e-03 3.923159545767548190e-03 1.787118024563573264e-03 2.014884958358217239e+10 5.520326041641783142e+10 8.240411919708718003e+00
2.511886431509448730e+12 1.806643042894964024e+00 -5.914704508095587343e-01 -2.039837226284775262e+00 3.197614605287638079e-01 6.111040337875452172e-16 1.535023930711626634e-03 3.534523220245716548e-03 1.600675955413242415e-03 1.970732005548527908e+10 5.564478994451472473e+10 8.548676043741053832e+00
2.818382931264311035e+12 1.773508420021347121e+00 -5.729597429063968406e-01 -2.030730595398980931e+00 3.200680682418253209e-01 4.904909746021254109e-16 1.382391390757826879e-03 3.183073809042279156e-03 1.432736029681043206e-03 1.926108401020654297e+10 5.609102598979345703e+10 8.870428627436126590e+00
3.162277660168211426e+12 1.740672663395805619e+00 -5.542716266789975421e-01 -2.021460078550139983e+00 3.202455773600584865e-01 3.935553825756520295e-16 1.244531394357938124e-03 2.865639436411682520e-03 1.281518198544694728e-03 1.881025729860102081e+10 5.654185270139897919e+10 9.206440287799141586e+00
3.548133892335557129e+12 1.708138319797957161e+00 -5.354040755756577230e-01 -2.011980445376560844e+00 3.202844667944367840e-01 3.156789215993305657e-16 1.120071080822523848e-03 2.579058973795672529e-03 1.145400738289511318e-03 1.835493744542306519e+10 5.699717255457693481e+10 9.557570578161815433e+00
3.981071705534757324e+12 1.675907360164285986e+00 -5.163547261672227773e-01 -2.002395340471086804e+00 3.201747468589551393e-01 2.530985815689933308e-16 1.007603601795300152e-03 2.320093033140966602e-03 1.022921938116095860e-03 1.789525486333050537e+10 5.745685513666949463e+10 9.924740702940711756e+00
4.466835921509397461e+12 1.643981044525028246e+00 -4.971207664732510412e-01 -1.992749667171845651e+00 3.199059424053633527e-01 2.028167851575199893e-16 9.059493014266643048e-04 2.086025356473406814e-03 9.127689783757370881e-04 1.743139512023249054e+10 5.792071487976750946e+10 1.030891699494149805e+01
5.011872336272448242e+12 1.612360476164184764e+00 -4.776992395343568343e-01 -1.982980207159394492e+00 3.194670832826072004e-01 1.624425091896796125e-16 8.141411180424382339e-04 1.874629201998024046e-03 8.137526144139517340e-04 1.696356173938906097e+10 5.838854826061093903e+10 1.071114423994468190e+01
5.623413251903168945e+12 1.581047935998604048e+00 -4.580878778174093946e-01 -1.972970433196500561e+00 3.188467328525178002e-01 1.300496193168145392e-16 7.313227526711371836e-04 1.683932868467932081e-03 7.247885626523031940e-04 1.649194042323605537e+10 5.886016957676394653e+10 1.113259020598858484e+01
6.309573444801581055e+12 1.550045667928648285e+00 -4.382843936768974213e-01 -1.962824348795589424e+00 3.180329986123696662e-01 1.040563682624059834e-16 6.565512979509708713e-04 1.511765231447797760e-03 6.448961101544102787e-04 1.601673931906167603e+10 5.933537068093832397e+10 1.157453131363510934e+01
7.079457843840997070e+12 1.519354989997456107e+00 -4.182858961109180429e-01 -1.952598848538820375e+00 3.170135178803956677e-01 8.320223565798149086e-17 5.890267198540041858e-04 1.356284144511010065e-03 5.731948757554403487e-04 1.553823056445035362e+10 5.981387943554964447e+10 1.203832046540912515e+01
7.943282347242366211e+12 1.488976821188122468e+00 -3.980891868836796688e-01 -1.942294091980431014e+00 3.157754727172248921e-01 6.647946130778298488e-17 5.280651314602944528e-04 1.215914899830415272e-03 5.088898996469049321e-04 1.505672776982766724e+10 6.029538223017233276e+10 1.252541304405166400e+01
8.912509381336929688e+12 1.458912989804275862e+00 -3.776916308906586583e-01 -1.931743109399063574e+00 3.143056737931617106e-01 5.308503294645333734e-17 4.731208541438453844e-04 1.089401025936228683e-03 4.512570015027391151e-04 1.457253646424600410e+10 6.077957353575399780e+10 1.303743077827865093e+01
9.999999999999427734e+12 1.429165913118706888e+00 -3.570909965599310953e-01 -1.921001459352852825e+00 3.125906203428176489e-01 4.235853849471792187e-17 4.235853849471549670e-04 9.753413929894635742e-04 3.996384410295970228e-04 1.408596869440628624e+10 6.126614130559371185e+10 1.357617980738296737e+01
1.122018454301900977e+13 1.399737007249812537e+00 -3.362843670104029847e-01 -1.910164244027272806e+00 3.106164703610390099e-01 3.376989421857345421e-17 3.789044451306249083e-04 8.724597270269573166e-04 3.534434130291866957e-04 1.359740436756907463e+10 6.175470563243092346e+10 1.414360229541466651e+01
1.258925411794094141e+13 1.370627134193123764e+00 -3.152683972836495818e-01 -1.899279923610000864e+00 3.083690986135255718e-01 2.689626075830009961e-17 3.386038615086428907e-04 7.796642039400215624e-04 3.121403147550123945e-04 1.310729061922763824e+10 6.224481938077236176e+10 1.474178406160775268e+01
1.412537544622668750e+13 1.341837574071630401e+00 -2.940399984909283781e-01 -1.888173228701534478e+00 3.058342383946285881e-01 2.140264253379468610e-17 3.023203613312304178e-04 6.961183573098647659e-04 2.752457507237654043e-04 1.261608252067575264e+10 6.273602747932424927e+10 1.537304124360269952e+01
1.584893192461020117e+13 1.313370713210512353e+00 -2.725968960721178447e-01 -1.876812091197151977e+00 3.029976735486221151e-01 1.701515387869797055e-17 2.696720155102513296e-04 6.209427629115638709e-04 2.423192227182298267e-04 1.212422720241382599e+10 6.322788279758617401e+10 1.603998819243599527e+01
1.778279410038821094e+13 1.285228138289092881e+00 -2.509362421134928023e-01 -1.865338096154885772e+00 2.998451992731513971e-01 1.351162990675890031e-17 2.402745325925410977e-04 5.532525569736971519e-04 2.129643397210984231e-04 1.163223580529779625e+10 6.371987419470220184e+10 1.674548397479213335e+01
1.995262314968760547e+13 1.257410701880718573e+00 -2.290546080493560954e-01 -1.853819009838115317e+00 2.963627220937592455e-01 1.071570980542119041e-17 2.138065195289813104e-04 4.923077046523726807e-04 1.868253331804467748e-04 1.114070564502797127e+10 6.421140435497203064e+10 1.749261528676063904e+01
2.238721138568200391e+13 1.229919175565337142e+00 -2.069484563027787771e-01 -1.842133765290830949e+00 2.925364647553893027e-01 8.487554297093418895e-18 1.900126721964840045e-04 4.375203464795882915e-04 1.635796319021478359e-04 1.065026338035817719e+10 6.470184661964182281e+10 1.828480182896253936e+01
2.511886431509428125e+13 1.202755647124963412e+00 -1.846152967640910803e-01 -1.830139079012693459e+00 2.883533666821129215e-01 6.714341520532698450e-18 1.686566336194646686e-04 3.883462504067377967e-04 1.429329669799897799e-04 1.016152144902273369e+10 6.519058855097726440e+10 1.912592861044755210e+01
2.818382931264287891e+13 1.175921925021342185e+00 -1.620524569845280816e-01 -1.818001864463435258e+00 2.838011126135031037e-01 5.303652399298308411e-18 1.494772339554124082e-04 3.441840506477160389e-04 1.246197094536285153e-04 9.675140416351942062e+09 6.567696958364805603e+10 2.002032339667163541e+01
3.162277660168185156e+13 1.149418831733887147e+00 -1.392564509262174399e-01 -1.805796945060515135e+00 2.788682171370300833e-01 4.182359548753426563e-18 1.322578216781405307e-04 3.045348886279511391e-04 1.084017359717368901e-04 9.191873834199718475e+09 6.616023616580027771e+10 2.097271173504278607e+01
3.548133892335528125e+13 1.123246780097557629e+00 -1.162234023693720225e-01 -1.793498771606810038e+00 2.735443325950928095e-01 3.292301934847869972e-18 1.168152807883556324e-04 2.689771241771814463e-04 9.406393565160863781e-05 8.712526152798227310e+09 6.663958384720177460e+10 2.198833195095110682e+01
3.981071705534725000e+13 1.097407311415052877e+00 -9.295040810920129903e-02 -1.780871468003983216e+00 2.678208614363312701e-01 2.587248033585593243e-18 1.030001994170796068e-04 2.371667237531815172e-04 8.141033945334961996e-05 8.237890006802189827e+09 6.711421999319780731e+10 2.307314585628958525e+01
4.466835921509360938e+13 1.071902387536838752e+00 -6.943500210052176713e-02 -1.768032062653578596e+00 2.616912105214684869e-01 2.029236703069523562e-18 9.064267398516172520e-05 2.087124699073525890e-04 7.026335961183630932e-05 7.768774483982875824e+09 6.758333551601712036e+10 2.423392146575006478e+01
5.011872336272407031e+13 1.046732813107152937e+00 -4.567370649132446170e-02 -1.755105281829429043e+00 2.551507684276516641e-01 1.588084739370503728e-18 7.959277972907402490e-05 1.832691481141245180e-04 6.046381916129942095e-05 7.306073001139253616e+09 6.804603699886074829e+10 2.547816474253700036e+01
5.623413251903122656e+13 1.021898796273534638e+00 -2.166246170552987155e-02 -1.742152188283416336e+00 2.481973414862577720e-01 1.239850699510700933e-18 6.972192854009831814e-05 1.605406733112265207e-04 5.186857362566568361e-05 6.850745970315957069e+09 6.850136402968404388e+10 2.681422391092171864e+01
6.309573444801529688e+13 9.974011738223007573e-01 2.602208988612915441e-03 -1.728892908765684355e+00 2.408318820525375548e-01 9.656956801229236014e-19 6.093127819063151091e-05 1.402994528588213312e-04 4.434757047141451984e-05 6.403741907354457855e+09 6.894836809264553833e+10 2.825162214965185470e+01
7.079457843840939062e+13 9.732418577089814171e-01 2.712265861032701550e-02 -1.715328633315684748e+00 2.330591317284785857e-01 7.502436635416743656e-19 5.311318388652068657e-05 1.222976254585540876e-04 3.778264351348016554e-05 5.965984260875988007e+09 6.938612573912400818e+10 2.980134645961852158e+01
7.943282347242301562e+13 9.494217084233285142e-01 5.190220771309062009e-02 -1.701658795623609555e+00 2.248874291610742648e-01 5.811633083969661401e-19 4.616344248454555061e-05 1.062952545062026096e-04 3.206782151436127454e-05 5.538450735238382339e+09 6.981365926476161194e+10 3.147580509732549459e+01
8.912509381336857812e+13 9.259408056001671161e-01 7.694497121706969645e-02 -1.687989943554000005e+00 2.163291491797909860e-01 4.487416428681646791e-19 3.999414101859031590e-05 9.208991291650776205e-05 2.710819232879353523e-05 5.122179377360980034e+09 7.022993062263902283e+10 3.328892831278830045e+01
9.999999999999345312e+13 9.027992613802274802e-01 1.022550521823924891e-01 -1.674094231055378801e+00 2.074013835087725188e-01 3.453571699452042277e-19 3.453571699451816053e-05 7.952142712743865598e-05 2.281790882769489274e-05 4.718187756343680382e+09 7.063392224365632629e+10 3.525667777737665887e+01
1.122018454301891875e+14 8.799986413098658256e-01 1.278349154771383778e-01 -1.659798262454570184e+00 1.981269591016929787e-01 2.648853369634740371e-19 2.972062363469929141e-05 6.843426493574511125e-05 1.911901652611531618e-05 4.327422918113871574e+09 7.102468708188612366e+10 3.739769343013298197e+01
1.258925411794083750e+14 8.575399372323470049e-01 1.536875269946870182e-01 -1.645370286367869861e+00 1.885340831104255765e-01 2.023739638891606518e-19 2.547737258255626186e-05 5.866381831724926663e-05 1.594156444479046995e-05 3.950828218621504784e+09 7.140128178137849426e+10 3.973345711189808327e+01
1.412537544622657188e+14 8.354230877515252951e-01 1.798169905382913658e-01 -1.630922551206881455e+00 1.786563831209830588e-01 1.539539095171818893e-19 2.174656773344588241e-05 5.007332268681780437e-05 1.322313591968880554e-05 3.589368668842526436e+09 7.176274133115747070e+10 4.228845766888048985e+01
1.584893192461007188e+14 8.136476160922907486e-01 2.062279107731374850e-01 -1.616369095321726013e+00 1.685333464784131985e-01 1.165870371812449646e-19 1.847780015577534703e-05 4.254670719001137357e-05 1.090763517276808659e-05 3.243962581676986694e+09 7.210814741832301331e+10 4.509099292402666492e+01
1.778279410038806562e+14 7.922144324444901908e-01 2.329231757773738143e-01 -1.601365176112170108e+00 1.582113012289997900e-01 8.787918230710553979e-20 1.562737404677723633e-05 3.598335852275129978e-05 8.944383529949028567e-06 2.915411451296653271e+09 7.243669854870335388e+10 4.817442380337360675e+01
1.995262314968744062e+14 7.711246435652304720e-01 2.599052536794076440e-01 -1.586144212245965246e+00 1.477429137329643039e-01 6.589552785881712507e-20 1.314788634616708165e-05 3.027412710506427533e-05 7.287946389253646305e-06 2.604428225055750370e+09 7.274768177494424438e+10 5.157805293824154802e+01
2.238721138568182188e+14 7.503780290106989437e-01 2.871781607556765370e-01 -1.570877599994971341e+00 1.371862152282317393e-01 4.912743261041341094e-20 1.099826218685163494e-05 2.532443456028467184e-05 5.897982347619928724e-06 2.311680295296490669e+09 7.304042970470350647e+10 5.534760640512348573e+01
2.511886431509407500e+14 7.299737091194572480e-01 3.147467603931056179e-01 -1.555635171569636599e+00 1.266044787936681515e-01 3.639738156931010882e-20 9.142608890642065576e-06 2.105163494266725283e-05 4.738580610046135774e-06 2.037746137431564093e+09 7.331436386256843567e+10 5.953658348831980618e+01
2.818382931264265000e+14 7.099117082936969858e-01 3.426146711953595436e-01 -1.539957622931742875e+00 1.160664115509129485e-01 2.679268179186539235e-20 7.551203704498828399e-06 1.738728908414041959e-05 3.777607509375948453e-06 1.783037750058380127e+09 7.356907224994161987e+10 6.420877568385313339e+01
3.162277660168159375e+14 6.901930596460157386e-01 3.707839239381688912e-01 -1.523921678387740952e+00 1.056453660339908562e-01 1.958411820147266366e-20 6.193041948260964027e-06 1.426000607035249874e-05 2.986425130513628713e-06 1.547792406543788910e+09 7.380431759345620728e+10 6.944102501925992499e+01
3.548133892335499375e+14 6.708174586397743777e-01 3.992582227769952419e-01 -1.507821944126139346e+00 9.541693380149292303e-02 1.420333311882638342e-20 5.039532762303916093e-06 1.160395301413610317e-05 2.339826153401416461e-06 1.332126212532132149e+09 7.401998378746786499e+10 7.532494149066759803e+01
3.981071705534692500e+14 6.517837488870392715e-01 4.280424455574360354e-01 -1.491831202919676524e+00 8.545775597820638725e-02 1.021281825481317285e-20 4.065796178800492302e-06 9.361841672458168866e-06 1.815681286236561820e-06 1.136019857611023664e+09 7.421609014238897705e+10 8.196972174966062141e+01
4.466835921509324375e+14 6.330909826212178793e-01 4.571411347474896303e-01 -1.475514748585379676e+00 7.584439924052716053e-02 7.277645724188239320e-21 3.250804934482277025e-06 7.485254982370377546e-06 1.394503869865850107e-06 9.592559355339558125e+08 7.439285406446604919e+10 8.950763703110463609e+01
5.011872336272366250e+14 6.147398107502135556e-01 4.865561726466791082e-01 -1.458672034742429346e+00 6.665210280658016850e-02 5.136331922642151052e-21 2.574263987300285443e-06 5.927461882589051280e-06 1.059185948241865827e-06 8.013982153575423956e+08 7.455071178464245605e+10 9.810156367825184986e+01
5.623413251903076875e+14 5.967299530138036046e-01 5.162906079365184864e-01 -1.441743193259552580e+00 5.795129227134796640e-02 3.586297595241526712e-21 2.016723342234933769e-06 4.643677104523287702e-06 7.949074735640586228e-07 6.618457213555625677e+08 7.469026427864443970e+10 1.079512825844891211e+02
6.309573444801478750e+14 5.790599939275654640e-01 5.463491903217478907e-01 -1.424922392729906839e+00 4.980527618755078295e-02 2.474693841098593867e-21 1.561426254380945805e-06 3.595316817147094925e-06 5.889326255222998512e-07 5.398501441499264240e+08 7.481225985585006714e+10 1.193011954092405773e+02
7.079457843840881250e+14 5.617281229252165664e-01 5.767373131784526707e-01 -1.407977629636302686e+00 4.226841146972645791e-02 1.686200679350514711e-21 1.193738662571782349e-06 2.748684849368435649e-06 4.303325838594122433e-07 4.344898590693582296e+08 7.491762014093064880e+10 1.324540543224525493e+02
7.943282347242236250e+14 5.447342393767671265e-01 6.074572374221700599e-01 -1.390383450988039948e+00 3.538482582294026624e-02 1.133662179458208229e-21 9.004998777826544999e-07 2.073477594825300586e-06 3.097785227545693457e-07 3.446663178356434703e+08 7.500744368216435242e+10 1.477915368195868666e+02
8.912509381336785000e+14 5.280781441031386914e-01 6.385110060314854730e-01 -1.372605152139092732e+00 2.918557928088319486e-02 7.509403174633312438e-22 6.692762624215963173e-07 1.541065544946738787e-06 2.194149442602687319e-07 2.691538700782167912e+08 7.508295612992178345e+10 1.657974825726797121e+02
