# Summed baryonic mass of galaxies (no selection on mass) for Galform
#
# Galform model used is the fiducial model used in Mitchell, Lacey, Lagos, et al. (2018)
#
# Columns:
# 0 - lookback time / Gyr
# 1 - redshift
# 2 - log10(m_stars)
# 4 - log10(m_cold)
# 5 - log10(m_hot) - (this has had mreheated subtracted, unlike the raw galform output)
# 6 - log10(m_ejected) - (this is called mreheated within galform)
13.57167 15.94500 7.71997 10.25326 11.59559 11.26913
13.55335 15.16100 8.13291 10.58701 11.90269 11.62652
13.53467 14.44900 8.49438 10.87109 12.17430 11.93164
13.51579 13.80400 8.80665 11.12942 12.40604 12.19493
13.49625 13.20300 9.10355 11.36360 12.60333 12.43293
13.47669 12.65900 9.37213 11.56005 12.78268 12.63997
13.45654 12.15000 9.61836 11.74531 12.93273 12.82631
13.43594 11.67600 9.84948 11.90736 13.06345 12.99437
13.41492 11.23400 10.05020 12.05674 13.18163 13.14537
13.39387 10.82800 10.23852 12.18727 13.28718 13.27936
13.37252 10.44900 10.41323 12.31020 13.37689 13.40101
13.35092 10.09500 10.56774 12.42208 13.45550 13.51151
13.32869 9.75800 10.73119 12.52388 13.52452 13.61409
13.30636 9.44400 10.87385 12.56146 13.58328 13.66148
13.28356 9.14600 11.02204 12.63652 13.62494 13.71304
13.26064 8.86700 11.14758 12.71559 13.65852 13.76645
13.23778 8.60700 11.27268 12.78915 13.68640 13.82017
13.21410 8.35500 11.40021 12.85943 13.71146 13.87518
13.19053 8.12000 11.51891 12.92587 13.73656 13.92801
13.16661 7.89600 11.62478 12.99215 13.76089 13.97932
13.14290 7.68700 11.72657 13.05295 13.78672 14.02789
13.11846 7.48400 11.82703 13.11091 13.81163 14.07562
13.09370 7.29000 11.92430 13.16596 13.83738 14.12103
13.06941 7.11000 12.01404 13.21588 13.86183 14.16302
13.04446 6.93500 12.09702 13.26450 13.88307 14.20356
13.01918 6.76700 12.17738 13.31107 13.89853 14.24202
12.99397 6.60800 12.25525 13.35505 13.91294 14.27739
12.96861 6.45600 12.32819 13.39771 13.92358 14.31019
12.94337 6.31200 12.39822 13.43529 13.93565 14.34060
12.91818 6.17500 12.46302 13.47185 13.94553 14.36833
12.89216 6.04000 12.52996 13.50695 13.95281 14.39497
12.86631 5.91200 12.59019 13.53960 13.96014 14.41930
12.84054 5.79000 12.64611 13.57014 13.97039 14.44169
12.81404 5.67000 12.70302 13.60091 13.97769 14.46310
12.78798 5.55700 12.75911 13.62963 13.98819 14.48241
12.76200 5.44900 12.80936 13.65513 13.99919 14.50053
12.73543 5.34300 12.85691 13.68273 14.00883 14.51773
12.70907 5.24200 12.90203 13.70802 14.01891 14.53390
12.68218 5.14300 12.94550 13.73381 14.02949 14.54929
12.65563 5.04900 12.98610 13.75725 14.04119 14.56369
12.62864 4.95700 13.02506 13.77959 14.05321 14.57754
12.60152 4.86800 13.06373 13.80021 14.06575 14.59091
12.57400 4.78100 13.10068 13.81979 14.07782 14.60384
12.54611 4.69600 13.13493 13.84093 14.08971 14.61601
12.51889 4.61600 13.16559 13.86066 14.10241 14.62751
12.49106 4.53700 13.19661 13.87843 14.11478 14.63904
12.46259 4.45900 13.22575 13.89711 14.12732 14.64998
12.43387 4.38300 13.25559 13.91313 14.13937 14.66091
12.40532 4.31000 13.28394 13.92916 14.15217 14.67113
12.37701 4.24000 13.31025 13.94485 14.16528 14.68078
12.34818 4.17100 13.33602 13.95927 14.17886 14.69019
12.31837 4.10200 13.36246 13.97347 14.19148 14.69949
12.28892 4.03600 13.38683 13.98623 14.20488 14.70843
12.25896 3.97100 13.41025 13.99904 14.21683 14.71715
12.22898 3.90800 13.43272 14.01210 14.22913 14.72538
12.19854 3.84600 13.45416 14.02447 14.24028 14.73348
12.16763 3.78500 13.47583 14.03637 14.25253 14.74133
12.13680 3.72600 13.49689 14.04592 14.26368 14.74900
12.10500 3.66700 13.51645 14.05632 14.27554 14.75626
12.07276 3.60900 13.53559 14.06712 14.28701 14.76316
12.04125 3.55400 13.55479 14.07573 14.29790 14.76993
12.00879 3.49900 13.57392 14.08334 14.30953 14.77648
11.97595 3.44500 13.59255 14.09150 14.32095 14.78268
11.94211 3.39100 13.61101 14.09976 14.33185 14.78854
11.90855 3.33900 13.62819 14.10757 14.34363 14.79408
11.87465 3.28800 13.64476 14.11468 14.35586 14.79941
11.84045 3.23800 13.66124 14.12050 14.36793 14.80466
11.80523 3.18800 13.67681 14.12719 14.37985 14.80953
11.76897 3.13800 13.69165 14.13384 14.39187 14.81427
11.73390 3.09100 13.70502 14.14123 14.40364 14.81861
11.69704 3.04300 13.71886 14.14680 14.41540 14.82304
11.65989 2.99600 13.73172 14.15268 14.42761 14.82701
11.62248 2.95000 13.74457 14.15834 14.43971 14.83073
11.58400 2.90400 13.75754 14.16294 14.45283 14.83443
11.54526 2.85900 13.77030 14.16776 14.46526 14.83796
11.50630 2.81500 13.78308 14.17192 14.47862 14.84137
11.46622 2.77100 13.79589 14.17545 14.49100 14.84472
11.42689 2.72900 13.80763 14.17948 14.50322 14.84776
11.38549 2.68600 13.82017 14.18219 14.51583 14.85087
11.34390 2.64400 13.83171 14.18613 14.52849 14.85371
11.30113 2.60200 13.84281 14.18969 14.54056 14.85642
11.25713 2.56000 13.85348 14.19357 14.55256 14.85896
11.21512 2.52100 13.86398 14.19751 14.56420 14.86127
11.16973 2.48000 13.87487 14.20039 14.57739 14.86368
11.12418 2.44000 13.88520 14.20349 14.58884 14.86597
11.07970 2.40200 13.89518 14.20627 14.60057 14.86808
11.03278 2.36300 13.90554 14.20805 14.61266 14.87007
10.98454 2.32400 13.91562 14.20968 14.62427 14.87202
10.93619 2.28600 13.92539 14.21126 14.63614 14.87393
10.88781 2.24900 13.93450 14.21327 14.64720 14.87566
10.83808 2.21200 13.94364 14.21533 14.65809 14.87734
10.78695 2.17500 13.95297 14.21645 14.66950 14.87897
10.73582 2.13900 13.96186 14.21753 14.67994 14.88051
10.68325 2.10300 13.97066 14.21893 14.69035 14.88190
10.62921 2.06700 13.97951 14.22003 14.70133 14.88328
10.57519 2.03200 13.98809 14.22154 14.71211 14.88458
10.51967 1.99700 13.99650 14.22228 14.72297 14.88578
10.46257 1.96200 14.00472 14.22350 14.73595 14.88680
10.40555 1.92800 14.01294 14.22420 14.74598 14.88782
10.34868 1.89500 14.02107 14.22445 14.75607 14.88880
10.28846 1.86100 14.02992 14.22342 14.76646 14.88979
10.22837 1.82800 14.03840 14.22303 14.77676 14.89062
10.16659 1.79500 14.04638 14.22348 14.78738 14.89128
10.10502 1.76300 14.05393 14.22393 14.79758 14.89191
10.04175 1.73100 14.06127 14.22503 14.80729 14.89236
9.97465 1.69800 14.06869 14.22547 14.81737 14.89272
9.90983 1.66700 14.07566 14.22670 14.82706 14.89306
9.84324 1.63600 14.08263 14.22682 14.83744 14.89334
9.77478 1.60500 14.08970 14.22654 14.84680 14.89361
9.70440 1.57400 14.09682 14.22576 14.85642 14.89375
9.63439 1.54400 14.10371 14.22494 14.86558 14.89384
9.56244 1.51400 14.11069 14.22370 14.87454 14.89380
9.48847 1.48400 14.11746 14.22368 14.88349 14.89365
9.41499 1.45500 14.12389 14.22311 14.89218 14.89345
9.33948 1.42600 14.13019 14.22327 14.90085 14.89319
9.26187 1.39700 14.13628 14.22305 14.90980 14.89274
9.18486 1.36900 14.14229 14.22310 14.91825 14.89229
9.10576 1.34100 14.14843 14.22203 14.92678 14.89181
9.02447 1.31300 14.15451 14.22102 14.93581 14.89122
8.94091 1.28500 14.16026 14.22047 14.94401 14.89052
8.85812 1.25800 14.16604 14.21989 14.95209 14.88983
8.77306 1.23100 14.17189 14.21924 14.96084 14.88907
8.68567 1.20400 14.17771 14.21780 14.96992 14.88836
8.59583 1.17700 14.18345 14.21676 14.97801 14.88754
8.50695 1.15100 14.18896 14.21529 14.98569 14.88681
8.41565 1.12500 14.19443 14.21351 14.99339 14.88597
8.32549 1.10000 14.19956 14.21202 15.00083 14.88508
8.22919 1.07400 14.20485 14.21042 15.00816 14.88400
8.13405 1.04900 14.20996 14.20867 15.01593 14.88300
8.03634 1.02400 14.21506 14.20688 15.02386 14.88187
7.94002 1.00000 14.21993 14.20616 15.03096 14.88081
7.84117 0.97600 14.22488 14.20428 15.03749 14.87972
7.73969 0.95200 14.22989 14.20191 15.04438 14.87859
7.63549 0.92800 14.23465 14.19983 15.05133 14.87735
7.52848 0.90400 14.23932 14.19782 15.05811 14.87604
7.42319 0.88100 14.24380 14.19637 15.06439 14.87481
7.31514 0.85800 14.24815 14.19467 15.07092 14.87351
7.20911 0.83600 14.25230 14.19385 15.07823 14.87220
7.10038 0.81400 14.25639 14.19257 15.08493 14.87099
6.98887 0.79200 14.26083 14.18939 15.09060 14.86988
6.87447 0.77000 14.26499 14.18770 15.09653 14.86852
6.76250 0.74900 14.26885 14.18697 15.10252 14.86724
6.64772 0.72800 14.27269 14.18565 15.10832 14.86591
6.53007 0.70700 14.27679 14.18322 15.11417 14.86459
6.41525 0.68700 14.28045 14.18287 15.11945 14.86324
6.29765 0.66700 14.28416 14.18106 15.12451 14.86193
6.17717 0.64700 14.28777 14.17985 15.12994 14.86057
6.05999 0.62800 14.29129 14.17856 15.13486 14.85938
5.94005 0.60900 14.29463 14.17724 15.13968 14.85809
5.81730 0.59000 14.29797 14.17657 15.14456 14.85675
5.69832 0.57200 14.30106 14.17583 15.14912 14.85556
5.56981 0.55300 14.30435 14.17419 15.15367 14.85422
5.45223 0.53600 14.30729 14.17433 15.15860 14.85298
5.32496 0.51800 14.31032 14.17271 15.16331 14.85164
5.20209 0.50100 14.31328 14.17195 15.16807 14.85039
5.07655 0.48400 14.31624 14.17098 15.17223 14.84913
4.94826 0.46700 14.31924 14.16984 15.17633 14.84782
4.82495 0.45100 14.32183 14.16936 15.18019 14.84650
4.69908 0.43500 14.32455 14.16765 15.18426 14.84510
4.57058 0.41900 14.32727 14.16559 15.18820 14.84369
4.43940 0.40300 14.32986 14.16541 15.19211 14.84214
4.31391 0.38800 14.33235 14.16421 15.19603 14.84082
4.18593 0.37300 14.33480 14.16318 15.19975 14.83945
4.05541 0.35800 14.33724 14.16175 15.20381 14.83805
3.93125 0.34400 14.33956 14.16077 15.20755 14.83678
3.80476 0.33000 14.34176 14.15920 15.21166 14.83553
3.67590 0.31600 14.34399 14.15747 15.21552 14.83423
3.54462 0.30200 14.34609 14.15638 15.21908 14.83278
3.42049 0.28900 14.34799 14.15623 15.22268 14.83142
3.29417 0.27600 14.34999 14.15503 15.22660 14.83013
3.16563 0.26300 14.35199 14.15391 15.22992 14.82884
3.03480 0.25000 14.35393 14.15314 15.23300 14.82755
2.90165 0.23700 14.35584 14.15286 15.23620 14.82621
2.77663 0.22500 14.35764 14.15236 15.23918 14.82516
2.64955 0.21300 14.35945 14.15125 15.24220 14.82408
2.52036 0.20100 14.36126 14.15020 15.24543 14.82292
2.40004 0.19000 14.36294 14.15032 15.24894 14.82187
2.26669 0.17800 14.36473 14.14884 15.25305 14.82063
2.14249 0.16700 14.36634 14.14936 15.25625 14.81959
2.01639 0.15600 14.36796 14.14878 15.25925 14.81855
1.88833 0.14500 14.36956 14.14843 15.26231 14.81748
1.77020 0.13500 14.37111 14.14818 15.26497 14.81663
1.63833 0.12400 14.37276 14.14645 15.26813 14.81553
1.51666 0.11400 14.37416 14.14673 15.27100 14.81450
1.39328 0.10400 14.37569 14.14644 15.27397 14.81342
1.26813 0.09400 14.37730 14.14551 15.27644 14.81246
1.15397 0.08500 14.37859 14.14604 15.27854 14.81166
1.02540 0.07500 14.38005 14.14447 15.28094 14.81058
0.90811 0.06600 14.38133 14.14463 15.28314 14.80966
0.77601 0.05600 14.38274 14.14356 15.28539 14.80858
0.65549 0.04700 14.38404 14.14376 15.28744 14.80765
0.53339 0.03800 14.38533 14.14303 15.28948 14.80677
0.42353 0.03000 14.38647 14.14375 15.29143 14.80603
0.29840 0.02100 14.38777 14.14221 15.29385 14.80504
0.17163 0.01200 14.38906 14.14173 15.29585 14.80402
0.05754 0.00400 14.39019 14.14238 15.29785 14.80330
0.00000 0.00000 14.39077 14.14832 15.29830 14.80369
