      ## Mhalo 12-13.5 BMF for ECO
      ## col1: center of halo mass bin
      ## col2: phi_50
      ## col3: phi_16
      ## col4: phi_84
      ## col5: phi_cent_50
      ## col6: phi_cent_16
      ## col7: phi_cent_84
      ## col8: phi_sat_50
      ## col9: phi_sat_16
      ## col10: phi_sat_84
      ## col2-10 in raw number counts/bin, divide by 151843.4/h^3 to normalize to per Mpc^3 (typically choose h=0.7)
      ## divide by 0.2 to normalize to per dex
6.10000  0.00000  0.00000  0.00000  0.00000  0.00000  0.00000  0.00000  0.00000  0.00000
6.30000  0.00000  0.00000  0.00000  0.00000  0.00000  0.00000  0.00000  0.00000  0.00000
6.50000  0.00000  0.00000  0.00000  0.00000  0.00000  0.00000  0.00000  0.00000  0.00000
6.70000  0.00000  0.00000  0.00000  0.00000  0.00000  0.00000  0.00000  0.00000  0.00000
6.90000  0.00000  0.00000  0.00000  0.00000  0.00000  0.00000  0.00000  0.00000  0.00000
7.10000  0.00000  0.00000  0.00000  0.00000  0.00000  0.00000  0.00000  0.00000  0.00000
7.30000  0.00000  0.00000  0.00000  0.00000  0.00000  0.00000  0.00000  0.00000  0.00000
7.50000  0.00000  0.00000  0.00000  0.00000  0.00000  0.00000  0.00000  0.00000  0.00000
7.70000  0.00000  0.00000  0.00000  0.00000  0.00000  0.00000  0.00000  0.00000  0.00000
7.90000  0.00000  0.00000  0.00000  0.00000  0.00000  0.00000  0.00000  0.00000  0.00000
8.10000  0.00000  0.00000  0.00000  0.00000  0.00000  0.00000  0.00000  0.00000  0.00000
8.30000  0.00000  0.00000  0.00000  0.00000  0.00000  0.00000  0.00000  0.00000  0.00000
8.50000  3.00000  1.00000  5.00000  0.00000  0.00000  0.00000  3.00000  1.00000  5.00000
8.70000  36.0000  28.0000  42.0000  0.00000  0.00000  0.00000  36.0000  29.0000  42.0000
8.90000  94.0000  83.0000  104.000  0.00000  0.00000  0.00000  94.0000  83.0000  104.000
9.10000  138.000  124.000  149.000  0.00000  0.00000  1.00000  137.000  125.000  149.000
9.30000  159.000  146.000  172.000  1.00000  0.00000  2.00000  159.000  145.000  172.000
9.50000  173.000  160.000  186.000  0.00000  0.00000  1.00000  172.000  158.000  185.000
9.70000  169.000  155.000  182.000  1.00000  0.00000  2.00000  168.000  154.000  180.000
9.90000  162.000  145.000  175.000  4.00000  2.00000  6.00000  158.000  143.000  170.000
10.1000  183.000  163.000  195.000  15.0000  11.0000  19.0000  166.000  148.000  181.000
10.3000  200.000  179.000  214.000  53.0000  44.0000  59.0000  148.000  132.000  160.000
10.5000  212.000  193.000  227.000  117.000  105.000  129.000  94.0000  82.0000  104.000
10.7000  228.000  213.000  244.000  181.000  168.000  194.000  48.0000  39.0000  55.0000
10.9000  195.000  178.000  209.000  174.000  159.000  187.000  21.0000  17.0000  27.0000
11.1000  99.0000  87.0000  111.000  96.0000  83.0000  106.000  4.00000  2.00000  5.00000
11.3000  30.0000  24.0000  36.0000  29.0000  23.0000  34.0000  1.00000  0.00000  2.00000
11.5000  4.00000  2.00000  7.00000  4.00000  2.00000  6.00000  0.00000  0.00000  1.00000
11.7000  0.00000  0.00000  1.00000  0.00000  0.00000  0.00000  0.00000  0.00000  1.00000
11.9000  0.00000  0.00000  0.00000  0.00000  0.00000  0.00000  0.00000  0.00000  0.00000
12.1000  0.00000  0.00000  0.00000  0.00000  0.00000  0.00000  0.00000  0.00000  0.00000
