      ## Mhalo 11.4-12 BMF for ECO
      ## col1: center of halo mass bin
      ## col2: phi_50
      ## col3: phi_16
      ## col4: phi_84
      ## col5: phi_cent_50
      ## col6: phi_cent_16
      ## col7: phi_cent_84
      ## col8: phi_sat_50
      ## col9: phi_sat_16
      ## col10: phi_sat_84
      ## col2-10 in raw number counts/bin, divide by 151843.4/h^3 to normalize to per Mpc^3 (typically choose h=0.7)
      ## divide by 0.2 to normalize to per dex
6.10000  0.00000  0.00000  0.00000  0.00000  0.00000  0.00000  0.00000  0.00000  0.00000
6.30000  0.00000  0.00000  0.00000  0.00000  0.00000  0.00000  0.00000  0.00000  0.00000
6.50000  0.00000  0.00000  0.00000  0.00000  0.00000  0.00000  0.00000  0.00000  0.00000
6.70000  0.00000  0.00000  0.00000  0.00000  0.00000  0.00000  0.00000  0.00000  0.00000
6.90000  0.00000  0.00000  0.00000  0.00000  0.00000  0.00000  0.00000  0.00000  0.00000
7.10000  0.00000  0.00000  0.00000  0.00000  0.00000  0.00000  0.00000  0.00000  0.00000
7.30000  0.00000  0.00000  0.00000  0.00000  0.00000  0.00000  0.00000  0.00000  0.00000
7.50000  0.00000  0.00000  0.00000  0.00000  0.00000  0.00000  0.00000  0.00000  0.00000
7.70000  0.00000  0.00000  0.00000  0.00000  0.00000  0.00000  0.00000  0.00000  0.00000
7.90000  0.00000  0.00000  0.00000  0.00000  0.00000  0.00000  0.00000  0.00000  0.00000
8.10000  0.00000  0.00000  1.00000  0.00000  0.00000  0.00000  0.00000  0.00000  1.00000
8.30000  1.00000  0.00000  3.00000  0.00000  0.00000  0.00000  1.00000  0.00000  3.00000
8.50000  2.00000  1.00000  4.00000  0.00000  0.00000  0.00000  2.00000  1.00000  4.00000
8.70000  24.0000  19.0000  29.0000  0.00000  0.00000  1.00000  23.0000  18.0000  28.0000
8.90000  73.0000  65.0000  83.0000  0.00000  0.00000  1.00000  73.0000  64.0000  82.0000
9.10000  126.000  113.000  137.000  1.00000  0.00000  3.00000  125.000  112.000  137.000
9.30000  143.000  130.000  155.000  3.00000  2.00000  5.00000  139.000  126.000  151.000
9.50000  165.000  150.000  178.000  20.0000  16.0000  25.0000  144.000  130.000  157.000
9.70000  231.000  211.000  245.000  101.000  88.0000  112.000  128.000  117.000  141.000
9.90000  415.000  380.000  435.000  321.000  290.000  339.000  95.0000  84.0000  105.000
10.1000  591.000  543.000  614.000  531.000  487.000  556.000  59.0000  49.0000  67.0000
10.3000  531.000  485.000  555.000  511.000  467.000  532.000  20.0000  15.0000  24.0000
10.5000  312.000  283.000  331.000  307.000  279.000  324.000  5.00000  3.00000  7.00000
10.7000  121.000  107.000  131.000  119.000  106.000  131.000  1.00000  0.00000  2.00000
10.9000  14.0000  10.0000  18.0000  14.0000  10.0000  18.0000  0.00000  0.00000  1.00000
11.1000  1.00000  0.00000  2.00000  1.00000  0.00000  2.00000  0.00000  0.00000  0.00000
11.3000  0.00000  0.00000  0.00000  0.00000  0.00000  0.00000  0.00000  0.00000  0.00000
11.5000  0.00000  0.00000  1.00000  0.00000  0.00000  0.00000  0.00000  0.00000  0.00000
11.7000  0.00000  0.00000  1.00000  0.00000  0.00000  1.00000  0.00000  0.00000  1.00000
11.9000  1.00000  0.00000  1.00000  0.00000  0.00000  1.00000  0.00000  0.00000  1.00000
12.1000  0.00000  0.00000  0.00000  0.00000  0.00000  0.00000  0.00000  0.00000  0.00000
