      ## Mhalo 11.-11.4 BMF for ECO
      ## col1: center of halo mass bin
      ## col2: phi_50
      ## col3: phi_16
      ## col4: phi_84
      ## col5: phi_cent_50
      ## col6: phi_cent_16
      ## col7: phi_cent_84
      ## col8: phi_sat_50
      ## col9: phi_sat_16
      ## col10: phi_sat_84
      ## col2-10 in raw number counts/bin, divide by 151843.4/h^3 to normalize to per Mpc^3 (typically choose h=0.7)
      ## divide by 0.2 to normalize to per dex
6.10000  0.00000  0.00000  0.00000  0.00000  0.00000  0.00000  0.00000  0.00000  0.00000
6.30000  0.00000  0.00000  1.00000  0.00000  0.00000  1.00000  0.00000  0.00000  0.00000
6.50000  0.00000  0.00000  1.00000  0.00000  0.00000  1.00000  0.00000  0.00000  0.00000
6.70000  0.00000  0.00000  1.00000  0.00000  0.00000  1.00000  0.00000  0.00000  0.00000
6.90000  0.00000  0.00000  0.00000  0.00000  0.00000  0.00000  0.00000  0.00000  0.00000
7.10000  0.00000  0.00000  0.00000  0.00000  0.00000  0.00000  0.00000  0.00000  0.00000
7.30000  0.00000  0.00000  0.00000  0.00000  0.00000  0.00000  0.00000  0.00000  0.00000
7.50000  0.00000  0.00000  0.00000  0.00000  0.00000  0.00000  0.00000  0.00000  0.00000
7.70000  0.00000  0.00000  0.00000  0.00000  0.00000  0.00000  0.00000  0.00000  0.00000
7.90000  0.00000  0.00000  0.00000  0.00000  0.00000  0.00000  0.00000  0.00000  0.00000
8.10000  0.00000  0.00000  0.00000  0.00000  0.00000  0.00000  0.00000  0.00000  0.00000
8.30000  0.00000  0.00000  1.00000  0.00000  0.00000  1.00000  0.00000  0.00000  0.00000
8.50000  20.0000  15.0000  24.0000  18.0000  13.0000  22.0000  2.00000  1.00000  4.00000
8.70000  193.000  175.000  207.000  170.000  154.000  183.000  23.0000  17.0000  28.0000
8.90000  511.000  488.000  535.000  454.000  432.000  474.000  58.0000  50.0000  66.0000
9.10000  824.000  786.000  856.000  741.000  706.000  768.000  83.0000  73.0000  92.0000
9.30000  1067.00  1024.00  1098.00  974.000  933.000  1005.00  93.0000  83.0000  102.000
9.50000  1143.00  1107.00  1177.00  1086.00  1048.00  1119.00  57.0000  50.0000  65.0000
9.70000  855.000  810.000  884.000  828.000  786.000  856.000  27.0000  21.0000  32.0000
9.90000  521.000  488.000  544.000  513.000  482.000  537.000  8.00000  4.00000  11.0000
10.1000  194.000  176.000  207.000  192.000  174.000  205.000  2.00000  1.00000  4.00000
10.3000  44.0000  37.0000  51.0000  44.0000  36.0000  51.0000  0.00000  0.00000  1.00000
10.5000  8.00000  5.00000  11.0000  8.00000  5.00000  11.0000  0.00000  0.00000  0.00000
10.7000  1.00000  0.00000  3.00000  1.00000  0.00000  3.00000  0.00000  0.00000  0.00000
10.9000  0.00000  0.00000  1.00000  0.00000  0.00000  1.00000  0.00000  0.00000  0.00000
11.1000  0.00000  0.00000  1.00000  0.00000  0.00000  1.00000  0.00000  0.00000  0.00000
11.3000  0.00000  0.00000  1.00000  0.00000  0.00000  1.00000  0.00000  0.00000  0.00000
11.5000  0.00000  0.00000  1.00000  0.00000  0.00000  1.00000  0.00000  0.00000  0.00000
11.7000  0.00000  0.00000  0.00000  0.00000  0.00000  0.00000  0.00000  0.00000  0.00000
11.9000  0.00000  0.00000  0.00000  0.00000  0.00000  0.00000  0.00000  0.00000  0.00000
12.1000  0.00000  0.00000  0.00000  0.00000  0.00000  0.00000  0.00000  0.00000  0.00000
