      ## Mhalo 11-11.4 BMF for RESOLVE
      ## col1: center of halo mass bin
      ## col2: phi_50
      ## col3: phi_16
      ## col4: phi_84
      ## col5: phi_cent_50
      ## col6: phi_cent_16
      ## col7: phi_cent_84
      ## col8: phi_sat_50
      ## col9: phi_sat_16
      ## col10: phi_sat_84
      ## col2-10 in raw number counts/bin, divide by 4709.84/h^3 to normalize to per Mpc^3 (typically choose h=0.7)
      ## divide by 0.2 to normalize to per dex
6.10000  0.00000  0.00000  0.00000  0.00000  0.00000  0.00000  0.00000  0.00000  0.00000
6.30000  0.00000  0.00000  0.00000  0.00000  0.00000  0.00000  0.00000  0.00000  0.00000
6.50000  0.00000  0.00000  0.00000  0.00000  0.00000  0.00000  0.00000  0.00000  0.00000
6.70000  0.00000  0.00000  0.00000  0.00000  0.00000  0.00000  0.00000  0.00000  0.00000
6.90000  0.00000  0.00000  0.00000  0.00000  0.00000  0.00000  0.00000  0.00000  0.00000
7.10000  0.00000  0.00000  0.00000  0.00000  0.00000  0.00000  0.00000  0.00000  0.00000
7.30000  0.00000  0.00000  0.00000  0.00000  0.00000  0.00000  0.00000  0.00000  0.00000
7.50000  0.00000  0.00000  0.00000  0.00000  0.00000  0.00000  0.00000  0.00000  0.00000
7.70000  0.00000  0.00000  1.00000  0.00000  0.00000  0.00000  0.00000  0.00000  0.00000
7.90000  1.00000  0.00000  3.00000  0.00000  0.00000  0.00000  0.00000  0.00000  0.00000
8.10000  6.00000  4.00000  9.00000  0.00000  0.00000  0.00000  0.00000  0.00000  1.00000
8.30000  19.0000  15.0000  23.0000  0.00000  0.00000  0.00000  1.00000  0.00000  2.00000
8.50000  31.0000  26.0000  37.0000  0.00000  0.00000  0.00000  2.00000  1.00000  4.00000
8.70000  52.0000  45.0000  59.0000  0.00000  0.00000  1.00000  4.00000  2.00000  6.00000
8.90000  65.0000  57.0000  73.0000  0.00000  0.00000  1.00000  6.00000  4.00000  9.00000
9.10000  56.0000  48.0000  63.0000  2.00000  1.00000  4.00000  6.00000  4.00000  8.00000
9.30000  42.0000  36.0000  49.0000  8.00000  5.00000  11.0000  1.00000  0.00000  2.00000
9.50000  38.0000  32.0000  44.0000  16.0000  12.0000  20.0000  1.00000  0.00000  3.00000
9.70000  37.0000  31.0000  43.0000  33.0000  27.0000  38.0000  0.00000  0.00000  1.00000
9.90000  19.0000  14.0000  23.0000  17.0000  14.0000  22.0000  0.00000  0.00000  0.00000
10.1000  7.00000  4.00000  9.00000  6.00000  4.00000  9.00000  0.00000  0.00000  0.00000
10.3000  1.00000  0.00000  2.00000  1.00000  0.00000  2.00000  0.00000  0.00000  0.00000
10.5000  0.00000  0.00000  0.00000  0.00000  0.00000  0.00000  0.00000  0.00000  0.00000
10.7000  0.00000  0.00000  0.00000  0.00000  0.00000  0.00000  0.00000  0.00000  0.00000
10.9000  0.00000  0.00000  0.00000  0.00000  0.00000  0.00000  0.00000  0.00000  0.00000
11.1000  0.00000  0.00000  0.00000  0.00000  0.00000  0.00000  0.00000  0.00000  0.00000
11.3000  0.00000  0.00000  0.00000  0.00000  0.00000  0.00000  0.00000  0.00000  0.00000
11.5000  0.00000  0.00000  0.00000  0.00000  0.00000  0.00000  0.00000  0.00000  0.00000
11.7000  0.00000  0.00000  0.00000  0.00000  0.00000  0.00000  0.00000  0.00000  0.00000
11.9000  0.00000  0.00000  0.00000  0.00000  0.00000  0.00000  0.00000  0.00000  0.00000
12.1000  0.00000  0.00000  0.00000  0.00000  0.00000  0.00000  0.00000  0.00000  0.00000
