      ## Mhalo >13.5 BMF for ECO
      ## col1: center of halo mass bin
      ## col2: phi_50
      ## col3: phi_16
      ## col4: phi_84
      ## col5: phi_cent_50
      ## col6: phi_cent_16
      ## col7: phi_cent_84
      ## col8: phi_sat_50
      ## col9: phi_sat_16
      ## col10: phi_sat_84
      ## col2-10 in raw number counts/bin, divide by 151843.4/h^3 to normalize to per Mpc^3 (typically choose h=0.7)
      ## divide by 0.2 to normalize to per dex
6.10000  0.00000  0.00000  0.00000  0.00000  0.00000  0.00000  0.00000  0.00000  0.00000
6.30000  0.00000  0.00000  0.00000  0.00000  0.00000  0.00000  0.00000  0.00000  0.00000
6.50000  0.00000  0.00000  0.00000  0.00000  0.00000  0.00000  0.00000  0.00000  0.00000
6.70000  0.00000  0.00000  0.00000  0.00000  0.00000  0.00000  0.00000  0.00000  0.00000
6.90000  0.00000  0.00000  0.00000  0.00000  0.00000  0.00000  0.00000  0.00000  0.00000
7.10000  0.00000  0.00000  0.00000  0.00000  0.00000  0.00000  0.00000  0.00000  0.00000
7.30000  0.00000  0.00000  0.00000  0.00000  0.00000  0.00000  0.00000  0.00000  0.00000
7.50000  0.00000  0.00000  0.00000  0.00000  0.00000  0.00000  0.00000  0.00000  0.00000
7.70000  0.00000  0.00000  0.00000  0.00000  0.00000  0.00000  0.00000  0.00000  0.00000
7.90000  0.00000  0.00000  0.00000  0.00000  0.00000  0.00000  0.00000  0.00000  0.00000
8.10000  0.00000  0.00000  0.00000  0.00000  0.00000  0.00000  0.00000  0.00000  0.00000
8.30000  0.00000  0.00000  0.00000  0.00000  0.00000  0.00000  0.00000  0.00000  0.00000
8.50000  1.00000  0.00000  2.00000  0.00000  0.00000  0.00000  1.00000  0.00000  2.00000
8.70000  15.0000  10.0000  19.0000  0.00000  0.00000  0.00000  15.0000  11.0000  19.0000
8.90000  48.0000  39.0000  54.0000  0.00000  0.00000  0.00000  48.0000  39.0000  54.0000
9.10000  92.0000  81.0000  102.000  0.00000  0.00000  0.00000  93.0000  81.0000  103.000
9.30000  127.000  112.000  137.000  0.00000  0.00000  0.00000  127.000  112.000  138.000
9.50000  110.000  96.0000  121.000  0.00000  0.00000  0.00000  111.000  97.0000  121.000
9.70000  100.000  88.0000  110.000  0.00000  0.00000  0.00000  100.000  88.0000  110.000
9.90000  96.0000  86.0000  107.000  0.00000  0.00000  0.00000  97.0000  86.0000  107.000
10.1000  101.000  90.0000  111.000  0.00000  0.00000  0.00000  101.000  90.0000  111.000
10.3000  81.0000  70.0000  90.0000  0.00000  0.00000  0.00000  81.0000  70.0000  90.0000
10.5000  64.0000  55.0000  72.0000  0.00000  0.00000  0.00000  65.0000  56.0000  73.0000
10.7000  46.0000  39.0000  53.0000  0.00000  0.00000  0.00000  46.0000  39.0000  53.0000
10.9000  37.0000  30.0000  43.0000  1.00000  0.00000  3.00000  35.0000  29.0000  41.0000
11.1000  17.0000  13.0000  21.0000  5.00000  3.00000  7.00000  12.0000  9.00000  16.0000
11.3000  17.0000  13.0000  21.0000  7.00000  4.00000  10.0000  10.0000  7.00000  13.0000
11.5000  10.0000  7.00000  13.0000  6.00000  4.00000  9.00000  3.00000  2.00000  5.00000
11.7000  6.00000  4.00000  9.00000  4.00000  2.00000  6.00000  3.00000  1.00000  4.00000
11.9000  1.00000  0.00000  2.00000  1.00000  0.00000  2.00000  0.00000  0.00000  0.00000
12.1000  0.00000  0.00000  0.00000  0.00000  0.00000  0.00000  0.00000  0.00000  0.00000
