      ## Mhalo 11.-11.4 SMF for ECO
      ## col1: center of halo mass bin
      ## col2: phi_50
      ## col3: phi_16
      ## col4: phi_84
      ## col5: phi_cent_50
      ## col6: phi_cent_16
      ## col7: phi_cent_84
      ## col8: phi_sat_50
      ## col9: phi_sat_16
      ## col10: phi_sat_84
      ## col2-10 in raw number counts/bin, divide by 151843.4/h^3 to normalize to per Mpc^3 (typically choose h=0.7)
      ## divide by 0.2 to normalize to per dex
6.10000  0.00000  0.00000  1.00000  0.00000  0.00000  1.00000  0.00000  0.00000  0.00000
6.30000  1.00000  0.00000  2.00000  1.00000  0.00000  2.00000  0.00000  0.00000  0.00000
6.50000  1.00000  0.00000  3.00000  1.00000  0.00000  3.00000  0.00000  0.00000  0.00000
6.70000  2.00000  0.00000  4.00000  2.00000  0.00000  4.00000  0.00000  0.00000  0.00000
6.90000  1.00000  0.00000  2.00000  1.00000  0.00000  2.00000  0.00000  0.00000  0.00000
7.10000  0.00000  0.00000  1.00000  0.00000  0.00000  1.00000  0.00000  0.00000  0.00000
7.30000  0.00000  0.00000  0.00000  0.00000  0.00000  0.00000  0.00000  0.00000  0.00000
7.50000  0.00000  0.00000  0.00000  0.00000  0.00000  0.00000  0.00000  0.00000  0.00000
7.70000  2.00000  0.00000  3.00000  2.00000  0.00000  3.00000  0.00000  0.00000  0.00000
7.90000  0.00000  0.00000  1.00000  0.00000  0.00000  1.00000  0.00000  0.00000  0.00000
8.10000  62.0000  45.0000  70.0000  48.0000  34.0000  55.0000  14.0000  9.00000  18.0000
8.30000  366.000  331.000  386.000  312.000  283.000  332.000  53.0000  43.0000  59.0000
8.50000  838.000  800.000  868.000  761.000  724.000  787.000  78.0000  68.0000  86.0000
8.70000  1022.00  986.000  1053.00  939.000  902.000  970.000  84.0000  75.0000  92.0000
8.90000  944.000  912.000  973.000  880.000  848.000  909.000  64.0000  56.0000  73.0000
9.10000  754.000  724.000  780.000  719.000  688.000  745.000  36.0000  30.0000  42.0000
9.30000  558.000  530.000  580.000  537.000  511.000  560.000  20.0000  15.0000  25.0000
9.50000  390.000  369.000  410.000  386.000  364.000  404.000  6.00000  3.00000  9.00000
9.70000  261.000  245.000  278.000  260.000  243.000  277.000  1.00000  0.00000  3.00000
9.90000  143.000  131.000  155.000  143.000  130.000  156.000  0.00000  0.00000  0.00000
10.1000  35.0000  29.0000  41.0000  35.0000  29.0000  42.0000  0.00000  0.00000  0.00000
10.3000  1.00000  0.00000  3.00000  1.00000  0.00000  3.00000  0.00000  0.00000  0.00000
10.5000  0.00000  0.00000  0.00000  0.00000  0.00000  0.00000  0.00000  0.00000  0.00000
10.7000  0.00000  0.00000  0.00000  0.00000  0.00000  0.00000  0.00000  0.00000  0.00000
10.9000  0.00000  0.00000  0.00000  0.00000  0.00000  0.00000  0.00000  0.00000  0.00000
11.1000  0.00000  0.00000  0.00000  0.00000  0.00000  0.00000  0.00000  0.00000  0.00000
11.3000  0.00000  0.00000  0.00000  0.00000  0.00000  0.00000  0.00000  0.00000  0.00000
11.5000  0.00000  0.00000  0.00000  0.00000  0.00000  0.00000  0.00000  0.00000  0.00000
11.7000  0.00000  0.00000  0.00000  0.00000  0.00000  0.00000  0.00000  0.00000  0.00000
11.9000  0.00000  0.00000  0.00000  0.00000  0.00000  0.00000  0.00000  0.00000  0.00000
12.1000  0.00000  0.00000  0.00000  0.00000  0.00000  0.00000  0.00000  0.00000  0.00000
