      ## Mhalo 11.4-12 SMF for ECO
      ## col1: center of halo mass bin
      ## col2: phi_50
      ## col3: phi_16
      ## col4: phi_84
      ## col5: phi_cent_50
      ## col6: phi_cent_16
      ## col7: phi_cent_84
      ## col8: phi_sat_50
      ## col9: phi_sat_16
      ## col10: phi_sat_84
      ## col2-10 in raw number counts/bin, divide by 151843.4/h^3 to normalize to per Mpc^3 (typically choose h=0.7)
      ## divide by 0.2 to normalize to per dex
6.10000  0.00000  0.00000  0.00000  0.00000  0.00000  0.00000  0.00000  0.00000  0.00000
6.30000  0.00000  0.00000  0.00000  0.00000  0.00000  0.00000  0.00000  0.00000  0.00000
6.50000  0.00000  0.00000  0.00000  0.00000  0.00000  0.00000  0.00000  0.00000  0.00000
6.70000  0.00000  0.00000  0.00000  0.00000  0.00000  0.00000  0.00000  0.00000  0.00000
6.90000  3.00000  1.00000  5.00000  0.00000  0.00000  0.00000  3.00000  1.00000  5.00000
7.10000  0.00000  0.00000  0.00000  0.00000  0.00000  0.00000  0.00000  0.00000  0.00000
7.30000  0.00000  0.00000  0.00000  0.00000  0.00000  0.00000  0.00000  0.00000  0.00000
7.50000  0.00000  0.00000  0.00000  0.00000  0.00000  0.00000  0.00000  0.00000  0.00000
7.70000  0.00000  0.00000  0.00000  0.00000  0.00000  0.00000  0.00000  0.00000  0.00000
7.90000  2.00000  0.00000  3.00000  0.00000  0.00000  0.00000  2.00000  0.00000  3.00000
8.10000  12.0000  8.00000  16.0000  0.00000  0.00000  0.00000  12.0000  8.00000  16.0000
8.30000  50.0000  40.0000  57.0000  0.00000  0.00000  1.00000  50.0000  40.0000  57.0000
8.50000  102.000  91.0000  112.000  2.00000  0.00000  3.00000  101.000  89.0000  111.000
8.70000  118.000  106.000  130.000  0.00000  0.00000  1.00000  119.000  107.000  130.000
8.90000  137.000  126.000  150.000  4.00000  2.00000  7.00000  133.000  122.000  145.000
9.10000  146.000  131.000  158.000  23.0000  18.0000  28.0000  122.000  111.000  134.000
9.30000  171.000  153.000  184.000  86.0000  73.0000  95.0000  84.0000  75.0000  94.0000
9.50000  242.000  217.000  257.000  171.000  149.000  185.000  71.0000  63.0000  80.0000
9.70000  321.000  292.000  339.000  265.000  237.000  282.000  57.0000  50.0000  65.0000
9.90000  387.000  352.000  406.000  346.000  313.000  363.000  40.0000  33.0000  46.0000
10.1000  433.000  398.000  454.000  411.000  376.000  430.000  21.0000  17.0000  27.0000
10.3000  352.000  320.000  369.000  347.000  314.000  366.000  4.00000  2.00000  7.00000
10.5000  203.000  182.000  217.000  203.000  183.000  218.000  0.00000  0.00000  1.00000
10.7000  73.0000  63.0000  81.0000  72.0000  62.0000  81.0000  0.00000  0.00000  0.00000
10.9000  4.00000  2.00000  6.00000  4.00000  2.00000  6.00000  0.00000  0.00000  0.00000
11.1000  0.00000  0.00000  0.00000  0.00000  0.00000  0.00000  0.00000  0.00000  0.00000
11.3000  0.00000  0.00000  0.00000  0.00000  0.00000  0.00000  0.00000  0.00000  0.00000
11.5000  0.00000  0.00000  0.00000  0.00000  0.00000  0.00000  0.00000  0.00000  0.00000
11.7000  0.00000  0.00000  0.00000  0.00000  0.00000  0.00000  0.00000  0.00000  0.00000
11.9000  0.00000  0.00000  0.00000  0.00000  0.00000  0.00000  0.00000  0.00000  0.00000
12.1000  0.00000  0.00000  0.00000  0.00000  0.00000  0.00000  0.00000  0.00000  0.00000
