      ## Mhalo >13.5 SMF for ECO
      ## col1: center of halo mass bin
      ## col2: phi_50
      ## col3: phi_16
      ## col4: phi_84
      ## col5: phi_cent_50
      ## col6: phi_cent_16
      ## col7: phi_cent_84
      ## col8: phi_sat_50
      ## col9: phi_sat_16
      ## col10: phi_sat_84
      ## col2-10 in raw number counts/bin, divide by 151843.4/h^3 to normalize to per Mpc^3 (typically choose h=0.7)
      ## divide by 0.2 to normalize to per dex
6.10000  0.00000  0.00000  0.00000  0.00000  0.00000  0.00000  0.00000  0.00000  0.00000
6.30000  0.00000  0.00000  0.00000  0.00000  0.00000  0.00000  0.00000  0.00000  0.00000
6.50000  0.00000  0.00000  0.00000  0.00000  0.00000  0.00000  0.00000  0.00000  0.00000
6.70000  0.00000  0.00000  0.00000  0.00000  0.00000  0.00000  0.00000  0.00000  0.00000
6.90000  0.00000  0.00000  0.00000  0.00000  0.00000  0.00000  0.00000  0.00000  0.00000
7.10000  0.00000  0.00000  0.00000  0.00000  0.00000  0.00000  0.00000  0.00000  0.00000
7.30000  0.00000  0.00000  0.00000  0.00000  0.00000  0.00000  0.00000  0.00000  0.00000
7.50000  0.00000  0.00000  0.00000  0.00000  0.00000  0.00000  0.00000  0.00000  0.00000
7.70000  0.00000  0.00000  0.00000  0.00000  0.00000  0.00000  0.00000  0.00000  0.00000
7.90000  0.00000  0.00000  0.00000  0.00000  0.00000  0.00000  0.00000  0.00000  0.00000
8.10000  0.00000  0.00000  1.00000  0.00000  0.00000  0.00000  0.00000  0.00000  1.00000
8.30000  3.00000  1.00000  5.00000  0.00000  0.00000  0.00000  3.00000  1.00000  5.00000
8.50000  14.0000  11.0000  18.0000  0.00000  0.00000  0.00000  14.0000  11.0000  18.0000
8.70000  36.0000  28.0000  43.0000  0.00000  0.00000  0.00000  36.0000  28.0000  42.0000
8.90000  67.0000  56.0000  75.0000  0.00000  0.00000  0.00000  67.0000  56.0000  75.0000
9.10000  100.000  88.0000  111.000  0.00000  0.00000  0.00000  100.000  88.0000  110.000
9.30000  117.000  104.000  127.000  0.00000  0.00000  0.00000  116.000  104.000  126.000
9.50000  98.0000  85.0000  107.000  0.00000  0.00000  0.00000  97.0000  85.0000  107.000
9.70000  91.0000  80.0000  101.000  0.00000  0.00000  0.00000  90.0000  79.0000  100.000
9.90000  89.0000  79.0000  98.0000  0.00000  0.00000  0.00000  88.0000  79.0000  98.0000
10.1000  94.0000  84.0000  103.000  0.00000  0.00000  0.00000  93.0000  84.0000  103.000
10.3000  76.0000  65.0000  84.0000  0.00000  0.00000  0.00000  75.0000  66.0000  85.0000
10.5000  62.0000  53.0000  69.0000  0.00000  0.00000  0.00000  61.0000  53.0000  69.0000
10.7000  46.0000  39.0000  53.0000  0.00000  0.00000  1.00000  45.0000  38.0000  52.0000
10.9000  32.0000  26.0000  38.0000  2.00000  1.00000  4.00000  30.0000  24.0000  35.0000
11.1000  15.0000  11.0000  19.0000  4.00000  2.00000  7.00000  10.0000  7.00000  14.0000
11.3000  17.0000  13.0000  21.0000  7.00000  4.00000  10.0000  10.0000  7.00000  14.0000
11.5000  8.00000  5.00000  11.0000  6.00000  4.00000  8.00000  2.00000  1.00000  4.00000
11.7000  7.00000  4.00000  10.0000  4.00000  2.00000  6.00000  3.00000  1.00000  4.00000
11.9000  0.00000  0.00000  0.00000  0.00000  0.00000  0.00000  0.00000  0.00000  0.00000
12.1000  0.00000  0.00000  0.00000  0.00000  0.00000  0.00000  0.00000  0.00000  0.00000
