      ## Mhalo 12.-13.5 SMF for ECO
      ## col1: center of halo mass bin
      ## col2: phi_50
      ## col3: phi_16
      ## col4: phi_84
      ## col5: phi_cent_50
      ## col6: phi_cent_16
      ## col7: phi_cent_84
      ## col8: phi_sat_50
      ## col9: phi_sat_16
      ## col10: phi_sat_84
      ## col2-10 in raw number counts/bin, divide by 151843.4/h^3 to normalize to per Mpc^3 (typically choose h=0.7)
      ## divide by 0.2 to normalize to per dex
6.10000  0.00000  0.00000  0.00000  0.00000  0.00000  0.00000  0.00000  0.00000  0.00000
6.30000  0.00000  0.00000  0.00000  0.00000  0.00000  0.00000  0.00000  0.00000  0.00000
6.50000  0.00000  0.00000  0.00000  0.00000  0.00000  0.00000  0.00000  0.00000  0.00000
6.70000  0.00000  0.00000  0.00000  0.00000  0.00000  0.00000  0.00000  0.00000  0.00000
6.90000  0.00000  0.00000  0.00000  0.00000  0.00000  0.00000  0.00000  0.00000  0.00000
7.10000  0.00000  0.00000  0.00000  0.00000  0.00000  0.00000  0.00000  0.00000  0.00000
7.30000  0.00000  0.00000  0.00000  0.00000  0.00000  0.00000  0.00000  0.00000  0.00000
7.50000  0.00000  0.00000  0.00000  0.00000  0.00000  0.00000  0.00000  0.00000  0.00000
7.70000  0.00000  0.00000  0.00000  0.00000  0.00000  0.00000  0.00000  0.00000  0.00000
7.90000  0.00000  0.00000  0.00000  0.00000  0.00000  0.00000  0.00000  0.00000  0.00000
8.10000  2.00000  1.00000  4.00000  0.00000  0.00000  0.00000  2.00000  1.00000  4.00000
8.30000  21.0000  14.0000  25.0000  0.00000  0.00000  0.00000  20.0000  14.0000  25.0000
8.50000  62.0000  54.0000  70.0000  0.00000  0.00000  0.00000  62.0000  54.0000  69.0000
8.70000  128.000  115.000  139.000  0.00000  0.00000  0.00000  128.000  115.000  139.000
8.90000  154.000  140.000  165.000  0.00000  0.00000  1.00000  154.000  140.000  165.000
9.10000  156.000  142.000  167.000  1.00000  0.00000  2.00000  154.000  141.000  167.000
9.30000  145.000  133.000  157.000  1.00000  0.00000  3.00000  144.000  132.000  156.000
9.50000  140.000  129.000  153.000  1.00000  0.00000  3.00000  139.000  127.000  152.000
9.70000  130.000  117.000  142.000  7.00000  4.00000  10.0000  123.000  111.000  134.000
9.90000  139.000  124.000  151.000  18.0000  13.0000  22.0000  121.000  108.000  133.000
10.1000  165.000  148.000  178.000  35.0000  29.0000  42.0000  130.000  115.000  142.000
10.3000  180.000  163.000  194.000  70.0000  60.0000  78.0000  110.000  96.0000  121.000
10.5000  190.000  174.000  204.000  121.000  109.000  131.000  70.0000  59.0000  78.0000
10.7000  199.000  184.000  213.000  166.000  152.000  178.000  33.0000  27.0000  40.0000
10.9000  165.000  150.000  179.000  150.000  135.000  162.000  17.0000  13.0000  21.0000
11.1000  84.0000  72.0000  92.0000  81.0000  70.0000  91.0000  2.00000  1.00000  3.00000
11.3000  23.0000  18.0000  27.0000  22.0000  17.0000  27.0000  0.00000  0.00000  1.00000
11.5000  2.00000  0.00000  3.00000  2.00000  0.00000  3.00000  0.00000  0.00000  0.00000
11.7000  0.00000  0.00000  0.00000  0.00000  0.00000  0.00000  0.00000  0.00000  0.00000
11.9000  0.00000  0.00000  0.00000  0.00000  0.00000  0.00000  0.00000  0.00000  0.00000
12.1000  0.00000  0.00000  0.00000  0.00000  0.00000  0.00000  0.00000  0.00000  0.00000
