      ## overall SMF for ECO
      ## col1: center of halo mass bin
      ## col2: phi_50
      ## col3: phi_16
      ## col4: phi_84
      ## col2-4 in raw number counts/bin, divide by 151843.4/h^3 to normalize to per Mpc^3 (typically choose h=0.7)
      ## divide by 0.2 to normalize to per dex
6.10000  0.00000  0.00000  1.00000
6.30000  1.00000  0.00000  2.00000
6.50000  1.00000  0.00000  3.00000
6.70000  2.00000  0.00000  4.00000
6.90000  4.00000  2.00000  6.00000
7.10000  0.00000  0.00000  1.00000
7.30000  0.00000  0.00000  0.00000
7.50000  0.00000  0.00000  0.00000
7.70000  2.00000  0.00000  3.00000
7.90000  2.00000  0.00000  4.00000
8.10000  77.0000  57.0000  87.0000
8.30000  440.000  398.000  462.000
8.50000  1018.00  976.000  1051.00
8.70000  1301.00  1264.00  1338.00
8.90000  1299.00  1263.00  1337.00
9.10000  1150.00  1116.00  1183.00
9.30000  985.000  948.000  1015.00
9.50000  871.000  833.000  898.000
9.70000  805.000  766.000  833.000
9.90000  755.000  713.000  783.000
10.1000  725.000  676.000  752.000
10.3000  610.000  566.000  635.000
10.5000  455.000  422.000  475.000
10.7000  317.000  298.000  334.000
10.9000  202.000  184.000  216.000
11.1000  98.0000  86.0000  108.000
11.3000  39.0000  33.0000  46.0000
11.5000  10.0000  7.00000  13.0000
11.7000  7.00000  4.00000  10.0000
11.9000  0.00000  0.00000  0.00000
12.1000  0.00000  0.00000  0.00000
