# Matter power spectrum P(k) at redshift z=0 for k=1.367419e-05 to 992.27471 h/Mpc, number of wavenumbers equal to 1810. Normalized to sigma8=0.8150, produced by CPL using HMF calc at icrar.org. k (h/Mpc)  P (Mpc/h)^3:
1.367419606567984548e-05 3.531091784593544247e+01
1.381162402088159901e-05 3.565876533452065900e+01
1.395043314999516562e-05 3.601003946515525911e+01
1.409063733404912996e-05 3.636477399362208018e+01
1.423225059357873686e-05 3.672300300828918296e+01
1.437528709002795103e-05 3.708476093328775391e+01
1.451976112716561316e-05 3.745008253189391212e+01
1.466568715251583123e-05 3.781900290980269119e+01
1.481307975880274937e-05 3.819155751856918357e+01
1.496195368540982131e-05 3.856778215896437700e+01
1.511232381985377134e-05 3.894771298440571172e+01
1.526420519927335301e-05 3.933138650451044072e+01
1.541761301193307314e-05 3.971883958850732910e+01
1.557256259874204051e-05 4.011010946885946282e+01
1.572906945478805938e-05 4.050523374477025840e+01
1.588714923088716110e-05 4.090425038587844142e+01
1.604681773514868721e-05 4.130719773579634335e+01
1.620809093455611718e-05 4.171411451592412334e+01
1.637098495656379328e-05 4.212503982905897715e+01
1.653551609070965780e-05 4.254001316323750359e+01
1.670170079024423625e-05 4.295907439545402440e+01
1.686955567377596842e-05 4.338226379556961376e+01
1.703909752693308702e-05 4.380962203011402778e+01
1.721034330404219638e-05 4.424119016623235723e+01
1.738331012982371061e-05 4.467700967561155068e+01
1.755801530110434407e-05 4.511712243850621462e+01
1.773447628854682049e-05 4.556157074769204485e+01
1.791271073839692919e-05 4.601039731261170829e+01
1.809273647424818613e-05 4.646364526340705225e+01
1.827457149882419786e-05 4.692135815510486907e+01
1.845823399577895216e-05 4.738357997179207359e+01
1.864374233151519787e-05 4.785035513083149539e+01
1.883111505702109693e-05 4.832172848717357994e+01
1.902037090972534848e-05 4.879774533759069755e+01
1.921152881537093417e-05 4.927845142511743148e+01
1.940460788990771844e-05 4.976389294336921409e+01
1.959962744140404938e-05 5.025411654102543935e+01
1.979660697197760424e-05 5.074916932628960353e+01
1.999556617974558112e-05 5.124909887146205989e+01
2.019652496079455884e-05 5.175395321743158661e+01
2.039950341117010950e-05 5.226378087839542275e+01
2.060452182888642149e-05 5.277863084638089930e+01
2.081160071595611224e-05 5.329855259610661022e+01
2.102076078044045799e-05 5.382359608965456488e+01
2.123202293852020968e-05 5.435381178125836499e+01
2.144540831658722232e-05 5.488925062217539619e+01
2.166093825335712450e-05 5.542996406562078704e+01
2.187863430200320789e-05 5.597600407162460101e+01
2.209851823231174657e-05 5.652742311213813764e+01
2.232061203285900727e-05 5.708427417592361763e+01
2.254493791321012655e-05 5.764661077381214938e+01
2.277151830614007863e-05 5.821448694377023969e+01
2.300037586987697437e-05 5.878795725601244015e+01
2.323153349036790154e-05 5.936707681841682671e+01
2.346501428356754008e-05 5.995190128166166232e+01
2.370084159774977594e-05 6.054248684470061193e+01
2.393903901584255766e-05 6.113889026004109439e+01
2.417963035778618848e-05 6.174116883928618904e+01
2.442263968291535580e-05 6.234938045862203637e+01
2.466809129236508427e-05 6.296358356436557102e+01
2.491600973150085970e-05 6.358383717858778539e+01
2.516641979237319504e-05 6.421020090478548070e+01
2.541934651619685517e-05 6.484273493360888097e+01
2.567481519585499122e-05 6.548150004866060669e+01
2.593285137842846563e-05 6.612655763227724037e+01
2.619348086775056454e-05 6.677796967151680008e+01
2.645672972698741250e-05 6.743579876406393225e+01
2.672262428124430638e-05 6.810010812422945037e+01
2.699119112019824975e-05 6.877096158907070844e+01
2.726245710075695194e-05 6.944842362450346229e+01
2.753644934974451536e-05 7.013255933147284793e+01
2.781319526661417377e-05 7.082343445225644984e+01
2.809272252618823376e-05 7.152111537675045838e+01
2.837505908142558888e-05 7.222566914886543543e+01
2.866023316621705037e-05 7.293716347293619151e+01
2.894827329820874175e-05 7.365566672027689776e+01
2.923920828165389271e-05 7.438124793572707460e+01
2.953306721029330003e-05 7.511397684426086130e+01
2.982987947026470617e-05 7.585392385773776880e+01
3.012967474304145473e-05 7.660116008164408186e+01
3.043248300840065314e-05 7.735575732189937526e+01
3.073833454742117460e-05 7.811778809180871974e+01
3.104725994551180769e-05 7.888732561900523876e+01
3.135929009546979744e-05 7.966444385246892068e+01
3.167445620057015405e-05 8.044921746965009390e+01
3.199278977768604099e-05 8.124172188366409841e+01
3.231432266044044228e-05 8.204203325052034756e+01
3.263908700238958333e-05 8.285022847641238286e+01
3.296711528023828837e-05 8.366638522516379339e+01
3.329844029708770806e-05 8.449058192566403136e+01
3.363309518571562734e-05 8.532289777937585029e+01
3.397111341188978730e-05 8.616341276800368121e+01
3.431252877771449200e-05 8.701220766115115168e+01
3.465737542501084594e-05 8.786936402405274293e+01
3.500568783873093378e-05 8.873496422547093232e+01
3.535750085040640321e-05 8.960909144557210482e+01
3.571284964163159314e-05 9.049182968393992610e+01
3.607176974758175621e-05 9.138326376760618075e+01
3.643429706056657886e-05 9.228347935926380785e+01
3.680046783361948004e-05 9.319256296546829788e+01
3.717031868412289867e-05 9.411060194491857089e+01
3.754388659747010518e-05 9.503768451691499308e+01
3.792120893076372681e-05 9.597389976980564086e+01
3.830232341655154238e-05 9.691933766951426321e+01
3.868726816659971593e-05 9.787408906826186694e+01
3.907608167570405193e-05 9.883824571319821928e+01
3.946880282553946869e-05 9.981190025536309918e+01
3.986547088854821159e-05 1.007951462583878310e+02
4.026612553186715183e-05 1.017880782076773869e+02
4.067080682129449595e-05 1.027907915194005142e+02
4.107955522529641430e-05 1.038033825496345770e+02
4.149241161905394763e-05 1.048259486036947550e+02
4.190941728855050345e-05 1.058585879454502106e+02
4.233061393470055215e-05 1.069013998067303817e+02
4.275604367751969218e-05 1.079544843969325143e+02
4.318574906033674835e-05 1.090179429126159931e+02
4.361977305404807274e-05 1.100918775471892701e+02
4.405815906141473940e-05 1.111763915008041863e+02
4.450095092140280209e-05 1.122715889902238331e+02
4.494819291356725227e-05 1.133775752588624499e+02
4.539992976248001592e-05 1.144944565868474058e+02
4.585620664220242307e-05 1.156223403013091655e+02
4.631706918080268521e-05 1.167613347866570450e+02
4.678256346491871268e-05 1.179115494949542580e+02
4.725273604436682775e-05 1.190730949565284931e+02
4.772763393679680017e-05 1.202460827905003526e+02
4.820730463239360512e-05 1.214306257155488851e+02
4.869179609862654039e-05 1.226268375607711079e+02
4.918115678504596721e-05 1.238348332765796727e+02
4.967543562812833194e-05 1.250547289457767732e+02
5.017468205616984809e-05 1.262866417946524109e+02
5.067894599422935367e-05 1.275306902043342490e+02
5.118827786912087929e-05 1.287869937221216503e+02
5.170272861445635373e-05 1.300556730729292383e+02
5.222234967573902316e-05 1.313368501709754810e+02
5.274719301550803783e-05 1.326306481314550183e+02
5.327731111853474853e-05 1.339371912823236812e+02
5.381275699707121406e-05 1.352566051763360520e+02
5.435358419615150268e-05 1.365890166030659998e+02
5.489984679894620745e-05 1.379345536010436319e+02
5.545159943217083294e-05 1.392933454701518201e+02
5.600889727154850041e-05 1.406655227839893030e+02
5.657179604732755435e-05 1.420512174024516128e+02
5.714035204985465978e-05 1.434505624843347960e+02
5.771462213520387152e-05 1.448636925002297744e+02
5.829466373086228522e-05 1.462907432453964134e+02
5.888053484147282593e-05 1.477318518527791298e+02
5.947229405463479743e-05 1.491871568062171036e+02
6.007000054676263974e-05 1.506567979538032489e+02
6.067371408900365369e-05 1.521409165212044456e+02
6.128349505321516676e-05 1.536396551253515383e+02
6.189940441800175712e-05 1.551531577880761859e+02
6.252150377481315892e-05 1.566815699499854304e+02
6.314985533410345906e-05 1.582250384843667632e+02
6.378452193155222886e-05 1.597837117114084151e+02
6.442556703434808556e-05 1.613577394123997806e+02
6.507305474753554407e-05 1.629472728440691469e+02
6.572704982042548423e-05 1.645524647532283211e+02
6.638761765307018246e-05 1.661734693913969068e+02
6.705482430280338183e-05 1.678104425295680073e+02
6.772873649084607841e-05 1.694635414732898084e+02
6.840942160897866078e-05 1.711329250777264690e+02
6.909694772628017525e-05 1.728187537628642758e+02
6.979138359593529939e-05 1.745211895290435677e+02
7.049279866210970177e-05 1.762403959724489084e+02
7.120126306689450587e-05 1.779765383008694641e+02
7.191684765732059032e-05 1.797297833494938573e+02
7.263962399244330793e-05 1.815002995970837958e+02
7.336966435049847759e-05 1.832882571820223063e+02
7.410704173613031286e-05 1.850938279187232069e+02
7.485182988769181604e-05 1.869171853141841950e+02
7.560410328461883011e-05 1.887585045845978300e+02
7.636393715487792494e-05 1.906179626722312150e+02
7.713140748248935091e-05 1.924957382623429680e+02
7.790659101512539873e-05 1.943920118004832318e+02
7.868956527178533117e-05 1.963069655097702082e+02
7.948040855054730653e-05 1.982407834083323905e+02
8.027919993639822934e-05 2.001936513271280660e+02
8.108601930914235457e-05 2.021657569277329571e+02
8.190094735138929633e-05 2.041572897203067498e+02
8.272406555662238929e-05 2.061684410819407844e+02
8.355545623734809437e-05 2.081994042749807647e+02
8.439520253332731580e-05 2.102503744655267894e+02
8.524338841988944289e-05 2.123215487423292416e+02
8.610009871632995663e-05 2.144131261356584446e+02
8.696541909439241432e-05 2.165253076363567573e+02
8.783943608683573382e-05 2.186582962152983498e+02
8.872223709608752283e-05 2.208122968427970534e+02
8.961391040298434757e-05 2.229875165083777802e+02
9.051454517559999805e-05 2.251841642404651509e+02
9.142423147816222423e-05 2.274024511267726041e+02
9.234306028005939324e-05 2.296425903344120059e+02
9.327112346493737923e-05 2.319047971303238000e+02
9.420851383988804130e-05 2.341892889021193298e+02
9.515532514473006183e-05 2.364962851788936575e+02
9.611165206138291785e-05 2.388260076522402073e+02
9.707759022333521854e-05 2.411786801977145558e+02
9.805323622520811387e-05 2.435545288962412656e+02
9.903868763241483115e-05 2.459537820558936687e+02
1.000340429909173155e-04 2.483766702337217112e+02
1.010394018370808553e-04 2.508234262580743916e+02
1.020548647076278980e-04 2.532942852508911358e+02
1.030805331496916947e-04 2.557894846502088626e+02
1.041165097309712084e-04 2.583092642331504862e+02
1.051628980499878563e-04 2.608538661388818696e+02
1.062198027464455362e-04 2.634235348917900978e+02
1.072873295116946680e-04 2.660185174251587341e+02
1.083655850993013760e-04 2.686390631047786997e+02
1.094546773357229634e-04 2.712854237529716670e+02
1.105547151310906558e-04 2.739578536726971834e+02
1.116658084901006961e-04 2.766566096720494556e+02
1.127880685230148904e-04 2.793819510890311335e+02
1.139216074567717693e-04 2.821341398162543328e+02
1.150665386462093002e-04 2.849134403263279864e+02
1.162229765854005595e-04 2.877201196971788590e+02
1.173910369191031656e-04 2.905544476376174430e+02
1.185708364543238666e-04 2.934166965134511997e+02
1.197624931719993554e-04 2.963071413735612509e+02
1.209661262387944628e-04 2.992260599762313973e+02
1.221818560190188945e-04 3.021737328160404559e+02
1.234098040866637590e-04 3.051504431506828610e+02
1.246500932375591605e-04 3.081564770282565746e+02
1.259028475016537370e-04 3.111921233146114218e+02
1.271681921554178383e-04 3.142576737213168485e+02
1.284462537343713736e-04 3.173534228335909688e+02
1.297371600457372101e-04 3.204796681384996759e+02
1.310410401812222897e-04 3.236367100537590318e+02
1.323580245299267372e-04 3.268248519564981507e+02
1.336882447913828815e-04 3.300444002122995357e+02
1.350318339887254121e-04 3.332956642048613389e+02
1.363889264819937266e-04 3.365789563656186374e+02
1.377596579815680415e-04 3.398945922036889442e+02
1.391441655617406219e-04 3.432428903362659867e+02
1.405425876744232142e-04 3.466241725193156640e+02
1.419550641629924702e-04 3.500387636784197412e+02
1.433817362762743121e-04 3.534869919398792604e+02
1.448227466826689728e-04 3.569691886624834183e+02
1.462782394844179036e-04 3.604856884692346171e+02
1.477483602320142305e-04 3.640368292793801288e+02
1.492332559387577894e-04 3.676229523411291211e+02
1.507330750954566899e-04 3.712444022643245489e+02
1.522479676852764405e-04 3.749015270533882926e+02
1.537780851987384490e-04 3.785946781412276323e+02
1.553235806488691725e-04 3.823242104224126479e+02
1.568846085865015173e-04 3.860904822877917582e+02
1.584613251157301406e-04 3.898938556585433730e+02
1.600538879095218749e-04 3.937346960212591398e+02
1.616624562254832256e-04 3.976133724629143558e+02
1.632871909217862986e-04 4.015302577063338845e+02
1.649282544732546738e-04 4.054857281459393903e+02
1.665858109876110422e-04 4.094801638842166653e+02
1.682600262218881236e-04 4.135139487679231820e+02
1.699510675990045729e-04 4.175874704249443425e+02
1.716591042245072841e-04 4.217011203019675349e+02
1.733843069034821528e-04 4.258552937016520445e+02
1.751268481576347862e-04 4.300503898207300040e+02
1.768869022425427083e-04 4.342868117885377615e+02
1.786646451650811176e-04 4.385649667055861869e+02
1.804602547010237439e-04 4.428852656827795045e+02
1.822739104128205114e-04 4.472481238807454815e+02
1.841057936675540138e-04 4.516539605499298773e+02
1.859560876550762649e-04 4.561031990708619333e+02
1.878249774063279207e-04 4.605962669946851520e+02
1.897126498118415720e-04 4.651335960844490955e+02
1.916192936404308145e-04 4.697156223564180095e+02
1.935450995580673475e-04 4.743427861220473005e+02
1.954902601469478342e-04 4.790155320303767326e+02
1.974549699247520973e-04 4.837343091105983603e+02
1.994394253640951965e-04 4.884995708153131204e+02
2.014438249121747713e-04 4.933117750640789723e+02
2.034683690106159793e-04 4.981713842873862177e+02
2.055132601155157921e-04 5.030788654711797108e+02
2.075787027176887638e-04 5.080346902016787567e+02
2.096649033631163572e-04 5.130393347106362398e+02
2.117720706736015649e-04 5.180932799211877864e+02
2.139004153676314797e-04 5.231970114940079384e+02
2.160501502814490620e-04 5.283510198740991655e+02
2.182214903903371939e-04 5.335558003377428804e+02
2.204146528301162129e-04 5.388118530402102806e+02
2.226298569188577437e-04 5.441196830638026540e+02
2.248673241788166444e-04 5.494798004663447273e+02
2.271272783585834797e-04 5.548927203303312581e+02
2.294099454554595534e-04 5.603589628122359727e+02
2.317155537380567504e-04 5.658790531925872074e+02
2.340443337691246813e-04 5.714535219265433170e+02
2.363965184286071365e-04 5.770829046946415701e+02
2.387723429369302064e-04 5.827677424545330496e+02
2.411720448785245629e-04 5.885085814927389265e+02
2.435958642255841775e-04 5.943059734772759839e+02
2.460440433620635645e-04 6.001604755106370703e+02
2.485168271079165030e-04 6.060726501832913300e+02
2.510144627435783519e-04 6.120430656278844026e+02
2.535372000346939095e-04 6.180722955736271160e+02
2.560852912570946941e-04 6.241609194015301227e+02
2.586589912220262685e-04 6.303095222001868478e+02
2.612585573016299183e-04 6.365186948217497047e+02
2.638842494546799855e-04 6.427890339389934979e+02
2.665363302525797294e-04 6.491211421024022457e+02
2.692150649056190771e-04 6.555156277982144957e+02
2.719207212894956724e-04 6.619731055068602927e+02
2.746535699721025297e-04 6.684941957619726054e+02
2.774138842405853293e-04 6.750795252101682991e+02
2.802019401286711970e-04 6.817297266710399981e+02
2.830180164442723284e-04 6.884454391980783612e+02
2.858623947973670614e-04 6.952273081401610852e+02
2.887353596281609430e-04 7.020759852035324684e+02
2.916371982355312614e-04 7.089921285141487033e+02
2.945682008057569400e-04 7.159764026814380031e+02
2.975286604415374792e-04 7.230294788616876076e+02
3.005188731913035496e-04 7.301520348229431647e+02
3.035391380788219988e-04 7.373447550096890382e+02
3.065897571330984737e-04 7.446083306089880125e+02
3.096710354185805273e-04 7.519434596168653115e+02
3.127832810656645205e-04 7.593508469051274687e+02
3.159268053015087019e-04 7.668312042894378919e+02
3.191019224811562070e-04 7.743852505974191445e+02
3.223089501189710122e-04 7.820137117378561697e+02
3.255482089203893918e-04 7.897173207705870936e+02
3.288200228139908895e-04 7.974968179766365211e+02
3.321247189838914056e-04 8.053529509297098912e+02
3.354626279024617631e-04 8.132864745677641167e+02
3.388340833633755444e-04 8.212981512654989729e+02
3.422394225149883156e-04 8.293887509080473137e+02
3.456789858940530614e-04 8.375590509644295025e+02
3.491531174597739995e-04 8.458098365626979103e+02
3.526621646282028402e-04 8.541419005650504914e+02
3.562064783069805816e-04 8.625560436441609227e+02
3.597864129304287426e-04 8.710530743602685106e+02
3.634023264949929623e-04 8.796338092385838081e+02
3.670545805950429217e-04 8.882990728478976052e+02
3.707435404590322752e-04 8.970496978800215402e+02
3.744695749860214645e-04 9.058865252292501964e+02
3.782330567825682938e-04 9.148104040738767253e+02
3.820343621999886517e-04 9.238221919572356455e+02
3.858738713719920416e-04 9.329227548703105413e+02
3.897519682526952821e-04 9.421129673351124438e+02
3.936690406550181175e-04 9.513937124883461820e+02
3.976254802894651293e-04 9.607658821667027951e+02
4.016216828032967141e-04 9.702303769921851426e+02
4.056580478200945482e-04 9.797881064588123081e+02
4.097349789797238157e-04 9.894399890201869994e+02
4.138528839786980557e-04 9.991869521774215173e+02
4.180121746109486877e-04 1.009029932568488107e+03
4.222132668090050698e-04 1.018969876058111822e+03
4.264565806855879094e-04 1.029007737828924746e+03
4.307425405756209590e-04 1.039144482472732307e+03
4.350715750786649004e-04 1.049381084083846872e+03
4.394441171017775369e-04 1.059718526352107574e+03
4.438606039028050645e-04 1.070157802657910906e+03
4.483214771341078914e-04 1.080699916167223137e+03
4.528271828867265892e-04 1.091345879928339627e+03
4.573781717349912289e-04 1.102096716968992268e+03
4.619748987815790880e-04 1.112953460394779540e+03
4.666178237030255008e-04 1.123917153488348504e+03
4.713074107956916991e-04 1.134988849809871908e+03
4.760441290221949034e-04 1.146169613298038485e+03
4.808284520583051076e-04 1.157460518372352908e+03
4.856608583403128972e-04 1.168862650036414834e+03
4.905418311128733385e-04 1.180377103982282279e+03
4.954718584773313639e-04 1.192004986695565094e+03
5.004514334405317944e-04 1.203747415561850403e+03
5.054810539641203977e-04 1.215605518974147571e+03
5.105612230143410230e-04 1.227580436441219717e+03
5.156924486123322816e-04 1.239673318697154400e+03
5.208752438849299001e-04 1.251885327811839034e+03
5.261101271159800575e-04 1.264217637302697767e+03
5.313976217981684772e-04 1.276671432247535222e+03
5.367382566853695029e-04 1.289247909398309275e+03
5.421325658455224215e-04 1.301948277296205561e+03
5.475810887140385034e-04 1.314773756387626690e+03
5.530843701477451560e-04 1.327725579141727621e+03
5.586429604793717455e-04 1.340804990168554923e+03
5.642574155725835899e-04 1.354013246338947738e+03
5.699282968775687885e-04 1.367351616905013088e+03
5.756561714871835222e-04 1.380821383622363101e+03
5.814416121936621159e-04 1.394423840873173049e+03
5.872851975458964150e-04 1.408160295790443797e+03
5.931875119072910901e-04 1.422032068383890191e+03
5.991491455142012668e-04 1.436040491666467460e+03
6.051706945349552991e-04 1.450186911782749803e+03
6.112527611294735295e-04 1.464472688138168451e+03
6.173959535094836843e-04 1.478899193529518698e+03
6.236008859993430985e-04 1.493467814277170874e+03
6.298681790974715615e-04 1.508179950357953203e+03
6.361984595384017260e-04 1.523037015539979166e+03
6.425923603554529323e-04 1.538040437518378667e+03
6.490505209440349541e-04 1.553191658052403909e+03
6.555735871255887132e-04 1.568492133104062532e+03
6.621622112121681916e-04 1.583943332978072021e+03
6.688170520716724306e-04 1.599546742463242481e+03
6.755387751937333646e-04 1.615303860974752524e+03
6.823280527562644755e-04 1.631216202698732104e+03
6.891855636926798095e-04 1.647285296737381259e+03
6.961119937597876929e-04 1.663512687256139770e+03
7.031080356063667365e-04 1.679899933632052580e+03
7.101743888424317174e-04 1.696448610603476936e+03
7.173117601091949774e-04 1.713160308421621721e+03
7.245208631497309249e-04 1.730036633003098814e+03
7.318024188803512334e-04 1.747079206084485349e+03
7.391571554626969126e-04 1.764289665378044219e+03
7.465858083765552784e-04 1.781669664729099850e+03
7.540891204934081077e-04 1.799220874275117012e+03
7.616678421507200878e-04 1.816944980605812589e+03
7.693227312269723282e-04 1.834843686925736620e+03
7.770545532174517791e-04 1.852918713217535924e+03
7.848640813108005666e-04 1.871171796407492820e+03
7.927520964663359792e-04 1.889604690532253699e+03
8.007193874921470682e-04 1.908219166907454564e+03
8.087667511239756682e-04 1.927017014298072127e+03
8.168949921048911621e-04 1.946000039089977463e+03
8.251049232657652792e-04 1.965170065463956917e+03
8.333973656065557078e-04 1.984528935570561089e+03
8.417731483784069791e-04 2.004078509707485409e+03
8.502331091665759960e-04 2.023820666498285846e+03
8.587780939741915297e-04 2.043757303072590958e+03
8.674089573068553827e-04 2.063890335248747760e+03
8.761265622580931322e-04 2.084221697717883671e+03
8.849317805956645380e-04 2.104753344229601680e+03
8.938254928487410949e-04 2.125487247780005873e+03
9.028085883959596205e-04 2.146425400801058458e+03
9.118819655543606607e-04 2.167569815352194837e+03
9.210465316692213614e-04 2.188922523313673082e+03
9.303032032047903969e-04 2.210485576581658279e+03
9.396529058359350374e-04 2.232261047265664729e+03
9.490965745407100055e-04 2.254251027887489727e+03
9.586351536938554933e-04 2.276457631582260092e+03
9.682695971612357254e-04 2.298882992301705599e+03
9.780008683952260903e-04 2.321529265018927617e+03
9.878299405310592488e-04 2.344398625935876680e+03
9.977577964841400845e-04 2.367493272692014671e+03
1.007785429048336763e-03 2.390815424575877387e+03
1.017913840995262210e-03 2.414367322738121402e+03
1.028144045174551749e-03 2.438151230406972445e+03
1.038477064615148191e-03 2.462169433105659664e+03
1.048913932627606712e-03 2.486424238872182286e+03
1.059455692907425610e-03 2.510917978480893908e+03
1.070103399639418112e-03 2.535653005666616536e+03
1.080858117603130221e-03 2.560631697350772356e+03
1.091720922279320856e-03 2.585856453869865618e+03
1.102692899957509942e-03 2.611329699206037276e+03
1.113775147844608309e-03 2.637053881220068888e+03
1.124968774174640472e-03 2.663031471886574309e+03
1.136274898319567005e-03 2.689264967531622005e+03
1.147694650901224514e-03 2.715756889072504237e+03
1.159229173904387537e-03 2.742509782260044176e+03
1.170879620790968431e-03 2.769526217923268632e+03
1.182647156615364769e-03 2.796808792216415895e+03
1.194532958140965325e-03 2.824360126868372390e+03
1.206538213957827205e-03 2.852182869434669556e+03
1.218664124601536716e-03 2.880279693551859509e+03
1.230911902673263508e-03 2.908653299194522788e+03
1.243282772961020561e-03 2.937306412934579384e+03
1.255777972562146507e-03 2.966197380480493848e+03
1.268398751007013530e-03 2.995025172971211759e+03
1.281146370383983834e-03 3.024133136169838508e+03
1.294022105465617934e-03 3.053523992991270006e+03
1.307027243836154061e-03 3.083200492813787150e+03
1.320163086020266930e-03 3.113165411736248643e+03
1.333430945613121258e-03 3.143290995854005814e+03
1.346832149411733050e-03 3.173492809956023848e+03
1.360368037547649922e-03 3.203984813409394064e+03
1.374039963620965216e-03 3.234769794452506630e+03
1.387849294835679769e-03 3.265850568114191901e+03
1.401797412136422845e-03 3.297229976471015561e+03
1.415885710346548049e-03 3.328910888907185836e+03
1.430115598307616590e-03 3.360896202376936344e+03
1.444488499020282844e-03 3.393188841669425983e+03
1.459005849786595456e-03 3.425791759676211768e+03
1.473669102353728942e-03 3.458707937661169126e+03
1.488479723059159656e-03 3.491570182335830395e+03
1.503439192977300016e-03 3.524659437169778812e+03
1.518549008067608327e-03 3.558062275500059513e+03
1.533810679324185263e-03 3.591781669125513417e+03
1.549225732926874134e-03 3.625820618008416659e+03
1.564795710393881642e-03 3.660182150541355895e+03
1.580522168735929312e-03 3.694869323816764336e+03
1.596406680611956634e-03 3.729885223898750155e+03
1.612450834486388708e-03 3.765232966097735243e+03
1.628656234787982703e-03 3.800800452838064757e+03
1.645024502070273733e-03 3.836375462866300040e+03
1.661557273173629905e-03 3.872283450474971687e+03
1.678256201388939094e-03 3.908527532291960142e+03
1.695122956622938928e-03 3.945110854116470364e+03
1.712159225565207995e-03 3.982036591191905245e+03
1.729366711856837775e-03 4.019307948481599396e+03
1.746747136260797017e-03 4.056928160946823482e+03
1.764302236834009580e-03 4.094900493827846731e+03
1.782033769101162455e-03 4.132988733194952147e+03
1.799943506230258479e-03 4.171228508486782630e+03
1.818033239209935646e-03 4.209822090795463737e+03
1.836304777028566248e-03 4.248772753660211492e+03
1.854759946855159044e-03 4.288083800908197190e+03
1.873400594222075517e-03 4.327758566934599912e+03
1.892228583209586666e-03 4.367800416985553966e+03
1.911245796632281193e-03 4.408212747443529224e+03
1.930454136227349130e-03 4.448710101331686019e+03
1.949855522844756977e-03 4.489317560057165792e+03
1.969451896639334062e-03 4.530295680315188292e+03
1.989245217264790956e-03 4.571647845473702546e+03
2.009237464069683812e-03 4.613377469783663400e+03
2.029430636295353682e-03 4.655487998661027632e+03
2.049826753275851236e-03 4.697982908971323013e+03
2.070427854639870710e-03 4.740865709316484754e+03
2.091236000514716531e-03 4.784139940324813324e+03
2.112253271732316470e-03 4.827809174943034122e+03
2.133481770037306061e-03 4.871877018731541284e+03
2.154923618297207265e-03 4.916002327909252926e+03
2.176580960714713953e-03 4.960287795760984409e+03
2.198455963042115439e-03 5.004972206194889623e+03
2.220550812797873665e-03 5.050059153057736694e+03
2.242867719485377043e-03 5.095552262571176470e+03
2.265408914813891311e-03 5.141455193623429295e+03
2.288176652921734312e-03 5.187771638063592945e+03
2.311173210601689867e-03 5.233967836324135533e+03
2.334400887528689360e-03 5.280525485177297014e+03
2.357862006489782301e-03 5.327497277703961117e+03
2.381558913616416227e-03 5.374886897831223905e+03
2.405493978619050247e-03 5.422698062255694822e+03
2.429669595024131282e-03 5.470934520735027945e+03
2.454088180413446438e-03 5.519600056382284492e+03
2.478752176665882743e-03 5.568698485962128871e+03
2.503664050201619834e-03 5.618233660190644514e+03
2.528826292228770339e-03 5.667711135031516278e+03
2.554241418992506119e-03 5.717376281907620069e+03
2.579911972026682938e-03 5.767476635652151344e+03
2.605840518407996111e-03 5.818016009905664760e+03
2.632029651012690943e-03 5.868998251726971830e+03
2.658481988775852293e-03 5.920427241886019146e+03
2.685200176953300537e-03 5.972306895159125816e+03
2.712186887386118257e-03 6.024641160627225872e+03
2.739444818767837984e-03 6.077247189462764254e+03
2.766976696914312701e-03 6.129591108628592337e+03
2.794785275036300309e-03 6.182385871044369196e+03
2.822873334014786798e-03 6.235635359866711042e+03
2.851243682679077598e-03 6.289343491698238722e+03
2.879899158087680100e-03 6.343514216875649254e+03
2.908842625812015949e-03 6.398151519760276642e+03
2.938076980222976108e-03 6.453259419031140169e+03
2.967605144780364242e-03 6.508841967980534719e+03
2.997430072325243163e-03 6.564903254812154046e+03
3.027554745375221189e-03 6.621447402941738801e+03
3.057982176422707060e-03 6.677436381883155263e+03
3.088715408236162446e-03 6.733825622219488650e+03
3.119757514164379821e-03 6.790691055250722457e+03
3.151111598443819949e-03 6.848036702302199956e+03
3.182780796509039351e-03 6.905866618658401421e+03
3.214768275306236368e-03 6.964184893849571381e+03
3.247077233609945747e-03 7.022995651941017968e+03
3.279710902342923388e-03 7.082303051824720569e+03
3.312672544899236422e-03 7.142111287513440402e+03
3.345965457470609361e-03 7.201690168291924238e+03
3.379592969376043251e-03 7.261313764922910195e+03
3.413558443394751167e-03 7.321430991964556597e+03
3.447865276102440434e-03 7.382045936238121612e+03
3.482516898210970616e-03 7.443162718400116319e+03
3.517516774911428907e-03 7.504785493222371770e+03
3.552868406220651559e-03 7.566918449874698126e+03
3.588575327331230361e-03 7.629565812209351861e+03
3.624641108965031503e-03 7.692590260389358264e+03
3.661069357730273657e-03 7.754867137607071527e+03
3.697863716482190002e-03 7.817648189531186290e+03
3.735027864687317546e-03 7.880937497807239197e+03
3.772565518791448028e-03 7.944739177124310118e+03
3.810480432591272469e-03 8.009057375483088435e+03
3.848776397609766659e-03 8.073896274465052556e+03
3.887457243475346633e-03 8.139260089504378811e+03
3.926526838304832297e-03 8.205153070162294171e+03
3.965989089090265172e-03 8.271579500403066049e+03
4.005847942089609329e-03 8.337905755944770135e+03
4.046107383221379285e-03 8.403719706415733526e+03
4.086771438463239134e-03 8.470053148975342992e+03
4.127844174254599770e-03 8.536910184152988222e+03
4.169329697903267559e-03 8.604294944844763450e+03
4.211232157996178289e-03 8.672211596569126414e+03
4.253555744814260624e-03 8.740664337724525467e+03
4.296304690751466364e-03 8.809657399848809291e+03
4.339483270738012620e-03 8.879195047880682978e+03
4.383095802667880125e-03 8.948260111118534041e+03
4.427146647830607594e-03 9.016923573574560578e+03
4.471640211347418549e-03 9.086113917348060568e+03
4.516580942611743942e-03 9.155835185403264404e+03
4.561973335734159640e-03 9.226091451727636013e+03
4.607821929991806446e-03 9.296886821569916719e+03
4.654131310282316920e-03 9.368225431679942631e+03
4.700906107582311470e-03 9.440111450550703012e+03
4.748150999410499264e-03 9.512549078661175372e+03
4.795870710295432535e-03 9.585542548722776701e+03
4.844070012247968932e-03 9.657183573621126925e+03
4.892753725238467924e-03 9.728980620279156938e+03
4.941926717678799333e-03 9.801311447399179087e+03
4.991593906909183934e-03 9.874180023411443472e+03
5.041760259689935519e-03 9.947590346250064613e+03
5.092430792698136519e-03 1.002154644357180950e+04
5.143610573029314820e-03 1.009605237297764688e+04
5.195304718704151295e-03 1.017111222223479308e+04
5.247518399180293482e-03 1.024671974597443113e+04
5.300256835869300576e-03 1.032046897910724510e+04
5.353525302658789994e-03 1.039474901131743536e+04
5.407329126439830609e-03 1.046956366295209955e+04
5.461673687639638161e-03 1.054491678185452838e+04
5.516564420759619697e-03 1.062081224356228631e+04
5.572006814918829473e-03 1.069725395150668919e+04
5.628006414402885772e-03 1.077424583721342060e+04
5.684568819218403270e-03 1.085179186050449971e+04
5.741699685652999069e-03 1.092724852648850538e+04
5.799404726840925312e-03 1.100290128419487155e+04
5.857689713334389946e-03 1.107907780959388765e+04
5.916560473680611623e-03 1.115578172889318921e+04
5.976022895004685052e-03 1.123301669340554690e+04
6.036082923598294105e-03 1.131078637972291108e+04
6.096746565514349868e-03 1.138909448989166776e+04
6.158019887167595283e-03 1.146794475158838577e+04
6.219909015941257890e-03 1.154734091829750105e+04
6.282420140799789728e-03 1.162727171894533785e+04
6.345559512907768956e-03 1.170413045086380407e+04
6.409333446255022215e-03 1.178149723530016854e+04
6.473748318288031003e-03 1.185937543058915071e+04
6.538810570547675879e-03 1.193776841726511338e+04
6.604526709313402605e-03 1.201667959820812939e+04
6.670903306253851868e-03 1.209611239879228560e+04
6.737946999084030650e-03 1.217607026703403062e+04
6.805664492229092886e-03 1.225655667374193763e+04
6.874062557494783204e-03 1.233754186329780896e+04
6.943148034744627863e-03 1.241501304531582537e+04
7.012927832583923209e-03 1.249297069247493528e+04
7.083408929050602314e-03 1.257141785943788273e+04
7.154598372313047440e-03 1.265035762004865865e+04
7.226503281374909056e-03 1.272979306745259055e+04
7.299130846787013800e-03 1.280972731421807293e+04
7.372488331366427311e-03 1.289016349245817582e+04
7.446583070922736976e-03 1.297110475395346111e+04
7.521422474991646540e-03 1.305255427027557562e+04
7.597014027575927676e-03 1.313099444986029994e+04
7.673365287893832605e-03 1.320884757432063088e+04
7.750483891135019794e-03 1.328716228674456579e+04
7.828377549224076887e-03 1.336594132386800993e+04
7.907054051591727584e-03 1.344518743865314173e+04
7.986521265953771057e-03 1.352490340038405520e+04
8.066787139097865780e-03 1.360509199476391586e+04
8.147859697678215898e-03 1.368575602401220021e+04
8.229747049018239918e-03 1.376523338647386299e+04
8.312457381921309341e-03 1.384150429470903327e+04
8.395998967489643958e-03 1.391819780758027446e+04
8.480380159951415864e-03 1.399531626667050477e+04
8.565609397496188812e-03 1.407286202653726468e+04
8.651695203118743224e-03 1.415083745478451237e+04
8.738646185471380529e-03 1.422924493213441383e+04
8.826471039724793563e-03 1.430808685250042799e+04
8.915178548437596717e-03 1.438736562306029555e+04
9.004777582434583469e-03 1.446708366432953881e+04
9.095277101693820601e-03 1.454164595446742533e+04
9.186686156242648491e-03 1.461570421420766797e+04
9.279013887062698487e-03 1.469013964073181160e+04
9.372269527003993309e-03 1.476495415488941035e+04
9.466462401708237995e-03 1.484014968731269619e+04
9.561601930541398578e-03 1.491572817846619910e+04
9.657697627535641316e-03 1.499169157869712944e+04
9.754759102340745253e-03 1.506804184828550751e+04
9.852796061185078308e-03 1.514478095749441673e+04
9.951818307846218431e-03 1.521848466488146187e+04
1.005183574463135339e-02 1.528883552841867458e+04
1.015285837336750950e-02 1.535951160462397274e+04
1.025489629640174462e-02 1.543051439686574304e+04
1.035795971761139730e-02 1.550184541546235232e+04
1.046205894342447026e-02 1.557350617771374164e+04
1.056720438385029895e-02 1.564549820793434628e+04
1.067340655352054524e-02 1.571782303748442973e+04
1.078067607274067925e-02 1.579048220480363671e+04
1.088902366855201351e-02 1.585617641914771593e+04
1.099846017580441947e-02 1.592136605416451857e+04
1.110899653823982022e-02 1.598682370389050993e+04
1.122064380958657202e-02 1.605255047021721839e+04
1.133341315466485089e-02 1.611854745956559236e+04
1.144731585050313798e-02 1.618481578290633297e+04
1.156236328746593732e-02 1.625135655577688158e+04
1.167856697039281952e-02 1.631817089830145596e+04
1.179593851974891118e-02 1.638525993520933480e+04
1.191448967278695842e-02 1.644533709651573736e+04
1.203423228472105984e-02 1.650315709038370551e+04
1.215517832991219391e-02 1.656118037298143827e+04
1.227733990306566735e-02 1.661940765905007720e+04
1.240072922044059729e-02 1.667783966584282462e+04
1.252535862107154868e-02 1.673647711313566833e+04
1.265124056800243958e-02 1.679532072323459943e+04
1.277838764953286715e-02 1.685437122098522013e+04
1.290681258047693923e-02 1.691362933378208254e+04
1.303652820343477112e-02 1.697075103748096080e+04
1.316754749007675689e-02 1.701950765751899598e+04
1.329988354244074356e-02 1.706840435432748927e+04
1.343354959424224691e-02 1.711744153034412739e+04
1.356855901219783736e-02 1.716661958916279764e+04
1.370492529736181721e-02 1.721593893553690941e+04
1.384266208647634208e-02 1.726539997538283205e+04
1.398178315333510439e-02 1.731500311578276160e+04
1.412230241016072460e-02 1.736474876498880622e+04
1.426423390899598728e-02 1.740830424687236518e+04
1.440759184310904870e-02 1.744597235921900210e+04
1.455239054841278926e-02 1.748372197787823825e+04
1.469864450489840116e-02 1.752155327921341814e+04
1.484636833808341584e-02 1.755946643996975399e+04
1.499557682047425455e-02 1.759746163727476596e+04
1.514628487304349458e-02 1.763553904863938078e+04
1.529850756672198643e-02 1.767369885195823736e+04
1.545226012390594691e-02 1.771194122551141118e+04
1.560755791997922581e-02 1.774916567294247216e+04
1.576441648485084335e-02 1.777337609872711982e+04
1.592285150450800657e-02 1.779761954830171089e+04
1.608287882258470358e-02 1.782189606671162619e+04
1.624451444194610628e-02 1.784620569906367382e+04
1.640777452628884234e-02 1.787054849052658028e+04
1.657267540175739670e-02 1.789492448633029562e+04
1.673923355857673614e-02 1.791933373176659734e+04
1.690746565270134436e-02 1.794377627218891212e+04
1.707738850748082016e-02 1.796805549015959696e+04
1.724901911534225049e-02 1.798342193239587868e+04
1.742237463948944493e-02 1.799880151615140130e+04
1.759747241561928147e-02 1.801419425266491453e+04
1.777432995365529206e-02 1.802960015318477235e+04
1.795296493949865430e-02 1.804501922896895121e+04
1.813339523679682527e-02 1.806045149128506091e+04
1.831563888872988696e-02 1.807589695141033371e+04
1.849971411981490496e-02 1.809135562063165708e+04
1.868563933772838040e-02 1.810682751024570098e+04
1.887343313514705176e-02 1.810219613119336645e+04
1.906311429160715068e-02 1.809591726996744546e+04
1.925470177538238931e-02 1.808964058660425144e+04
1.944821474538080408e-02 1.808336608034838719e+04
1.964367255306066068e-02 1.807709375044483022e+04
1.984109474436560050e-02 1.807082359613831431e+04
2.004050106167927850e-02 1.806455561667474103e+04
2.024191144579959994e-02 1.805828981129935710e+04
2.044534603793281280e-02 1.805202617925820232e+04
2.065082518170766740e-02 1.802528140561888358e+04
2.085836942520977177e-02 1.799528390689826847e+04
2.106799952303642712e-02 1.796533632972446503e+04
2.127973643837211340e-02 1.793543859101851922e+04
2.149360134508480555e-02 1.790559060783973473e+04
2.170961562984340468e-02 1.787579229738538197e+04
2.192780089425639192e-02 1.784604357699059619e+04
2.214817895703203102e-02 1.781634436412839568e+04
2.237077185616025490e-02 1.778669457640844485e+04
2.259560185111646538e-02 1.774367560865545965e+04
2.282269142508751639e-02 1.769910063423816973e+04
2.305206328722005094e-02 1.765463763934475719e+04
2.328374037489142415e-02 1.761028634266459994e+04
2.351774585600346912e-02 1.756604646359340404e+04
2.375410313129929993e-02 1.752191772223253793e+04
2.399283583670341197e-02 1.747789983938590740e+04
2.423396784568529125e-02 1.743399253655929715e+04
2.447752327164677902e-02 1.739019553595773323e+04
2.472352647033343453e-02 1.733153950455869199e+04
2.497200204227013193e-02 1.726809330479904384e+04
2.522297483522113054e-02 1.720487936486057515e+04
2.547646994667486162e-02 1.714189683450102530e+04
2.573251272635372622e-02 1.707914486659114482e+04
2.599112877874905358e-02 1.701662261710230814e+04
2.625234396568160503e-02 1.695432924509613804e+04
2.651618440888775172e-02 1.689226391271235480e+04
2.678267649263168029e-02 1.683042578515786226e+04
2.705184686634384481e-02 1.675450618077574109e+04
2.732372244728592178e-02 1.667585598156224660e+04
2.759833042324257024e-02 1.659757498772965482e+04
2.787569825524023256e-02 1.651966146612770899e+04
2.815585368029324340e-02 1.644211369174201900e+04
2.843882471417757268e-02 1.636492994765600815e+04
2.872463965423241797e-02 1.628810852501230329e+04
2.901332708218996859e-02 1.621164772297606396e+04
2.930491586703358811e-02 1.613554584869628889e+04
2.959943516788475851e-02 1.604697707498618729e+04
2.989691443691899417e-02 1.595099877490140898e+04
3.019738342231109707e-02 1.585559452898546988e+04
3.050087217121000630e-02 1.576076090377291257e+04
3.080741103274350912e-02 1.566649448633378415e+04
3.111703066105321949e-02 1.557279188415159842e+04
3.142976201835998018e-02 1.547964972500034310e+04
3.174563637806012556e-02 1.538706465682395901e+04
3.206468532785286540e-02 1.529503334761509177e+04
3.238694077289905326e-02 1.520324633669377181e+04
3.271243493901173499e-02 1.511170389108589916e+04
3.304120037587877923e-02 1.502071264481805338e+04
3.337326996031782927e-02 1.493026927898493886e+04
3.370867689956406205e-02 1.484037049466524695e+04
3.404745473459090677e-02 1.475101301280096231e+04
3.438963734346418832e-02 1.466219357407849384e+04
3.473525894472994507e-02 1.457390893880895419e+04
3.508435410083631661e-02 1.448615588681077497e+04
3.543695772158982765e-02 1.438718536508008037e+04
3.579310506764639410e-02 1.427773365303245555e+04
3.615283175403741917e-02 1.416911460400858778e+04
3.651617375373130553e-02 1.406132188345520808e+04
3.688316740123080695e-02 1.395434920500954104e+04
3.725384939620651065e-02 1.384819033013284206e+04
3.762825680716681137e-02 1.374283906774666502e+04
3.800642707516481422e-02 1.363828927387166368e+04
3.838839801754245773e-02 1.353453485126932355e+04
3.877420783171230123e-02 1.342944794406589790e+04
3.916389509897725413e-02 1.332036727280016021e+04
3.955749878838880212e-02 1.321217260912709207e+04
3.995505826064387617e-02 1.310485675645127048e+04
4.035661327202100246e-02 1.299841257663170472e+04
4.076220397835596254e-02 1.289283298950694007e+04
4.117187093905737283e-02 1.278811097242403594e+04
4.158565512116269014e-02 1.268423955977157857e+04
4.200359790343495547e-02 1.258121184251632985e+04
4.242574108050067849e-02 1.247551766297946233e+04
4.285212686702935536e-02 1.236422311756262025e+04
4.328279790195495996e-02 1.225392143482074607e+04
4.371779725273987338e-02 1.214460375739008850e+04
4.415716841968168188e-02 1.203626130692350125e+04
4.460095534026322500e-02 1.192888538338587750e+04
4.504920239354637951e-02 1.182246736435543789e+04
4.550195440461001634e-02 1.171699870433125943e+04
4.595925664903253299e-02 1.161247093404739098e+04
4.642115485741946102e-02 1.151119039607649574e+04
4.688769521997655787e-02 1.142217668666558166e+04
4.735892439112885516e-02 1.133385130228373600e+04
4.783488949418617658e-02 1.124620892025247304e+04
4.831563812605545183e-02 1.115924425905269891e+04
4.880121836200049940e-02 1.107295207800612297e+04
4.929167876044956292e-02 1.098732717695960127e+04
4.978706836785120465e-02 1.090236439597172102e+04
5.028743672357900013e-02 1.081805861500185529e+04
5.079283386488548518e-02 1.073477570040259889e+04
5.130331033190596579e-02 1.066444974394964265e+04
5.181891717271253084e-02 1.059458450882790385e+04
5.233970594841894780e-02 1.052517697674722331e+04
5.286572873833677438e-02 1.045622414919087169e+04
5.339703814518335229e-02 1.038772304728611743e+04
5.393368730034212716e-02 1.031967071167554423e+04
5.447572986917582905e-02 1.025206420238900682e+04
5.502322005639303376e-02 1.018490059871700032e+04
5.557621261146872271e-02 1.011817699908406212e+04
5.613476283411921591e-02 1.005161140092751884e+04
5.669892657983225531e-02 9.985480590324486911e+03
5.726876026545252990e-02 9.919784862608787080e+03
5.784432087482348217e-02 9.854521355315670007e+03
5.842566596448567351e-02 9.789687224812760178e+03
5.901285366943253424e-02 9.725279646176470123e+03
5.960594270892387997e-02 9.661295813068494681e+03
6.020499239235790195e-02 9.597732937614022376e+03
6.081006262520215200e-02 9.534588250279883141e+03
6.142121391498413935e-02 9.468802526102303091e+03
6.203850737734215026e-02 9.402915661334061951e+03
6.266200474213681759e-02 9.337487257805918489e+03
6.329176835962420367e-02 9.272514125402503851e+03
6.392786120669087524e-02 9.207993096206060727e+03
6.457034689315160891e-02 9.143921024342253077e+03
6.521928966811046946e-02 9.080294785826617954e+03
6.587475442638571210e-02 9.017111278412636238e+03
6.653680671499942467e-02 8.954367421439856116e+03
6.720551273973214557e-02 8.886094209943159512e+03
6.788093937174362325e-02 8.816871010147826382e+03
6.856315415425991155e-02 8.748187063175597359e+03
6.925222530932778620e-02 8.680038168215252881e+03
6.994822174463696807e-02 8.612420157179800299e+03
7.065121306041098614e-02 8.545328894452104578e+03
7.136126955636726277e-02 8.478760276631708621e+03
7.207846223874708746e-02 8.412710232283818186e+03
7.280286282741638137e-02 8.347174721690396836e+03
7.353454376303766860e-02 8.268477329422144976e+03
7.427357821431425366e-02 8.184561445899123100e+03
7.502004008530711865e-02 8.101497215616012909e+03
7.577400402282541414e-02 8.019275995236223025e+03
7.653554542389122417e-02 7.937889229143135708e+03
7.730474044327924343e-02 7.857328448550420035e+03
7.808166600113243538e-02 7.777585270620315896e+03
7.886639979065400430e-02 7.698651397591803288e+03
7.965902028587684702e-02 7.620518615916747876e+03
8.045960674951102565e-02 7.526473081062546044e+03
8.126823924087005213e-02 7.422869458647017382e+03
8.208499862387692858e-02 7.320691963776490411e+03
8.290996657515056767e-02 7.219920965479262122e+03
8.374322559217360629e-02 7.120537103008548002e+03
8.458485900154211201e-02 7.022521282122662342e+03
8.543495096729838978e-02 6.925854671416400379e+03
8.629358649934742997e-02 6.830518698703225709e+03
8.716085146195795552e-02 6.736495047447071556e+03
8.803683258234897002e-02 6.635246375953077404e+03
8.892161745936248696e-02 6.527550531835864604e+03
8.981529457222353630e-02 6.421602685333745285e+03
9.071795328938814240e-02 6.317374464918487320e+03
9.162968387748021692e-02 6.214837959556860369e+03
9.255057751031837976e-02 6.113965711235900926e+03
9.348072627803330481e-02 6.014730707610203353e+03
9.442022319627689508e-02 5.917106374768403839e+03
9.536916221552389772e-02 5.821066570116786352e+03
9.632763823046702756e-02 5.727235046151628922e+03
9.729574708950648743e-02 5.635604274243207328e+03
9.827358560433496759e-02 5.545439514868367041e+03
9.926125155961880442e-02 5.456717313103609740e+03
1.002588437227765888e-01 5.369414589283726855e+03
1.012664618538559741e-01 5.283508632998047688e+03
1.022842067155097373e-01 5.198977097182763828e+03
1.033121800830721637e-01 5.115797992307476306e+03
1.043504847547366832e-01 5.033949680655317934e+03
1.053992245618356888e-01 4.958586258850349623e+03
1.064585043792238700e-01 4.893800465920300667e+03
1.075284301357656846e-01 4.829861123721680997e+03
1.086091088249283992e-01 4.766757173057567343e+03
1.097006485154814887e-01 4.704477699223584750e+03
1.108031583623036442e-01 4.643011930120172110e+03
1.119167486172983061e-01 4.582349234389181220e+03
1.130415306404189690e-01 4.522479119575218647e+03
1.141776169108052602e-01 4.463391230310765422e+03
1.153251210380309560e-01 4.409025189779651555e+03
1.164841577734650468e-01 4.365623896688836794e+03
1.176548430217469465e-01 4.322649834598256348e+03
1.188372938523770406e-01 4.280098797957493844e+03
1.200316285114237796e-01 4.237966622614427251e+03
1.212379664333483598e-01 4.196249185407746154e+03
1.224564282529482379e-01 4.154942403763568109e+03
1.236871358174207736e-01 4.114042235295654791e+03
1.249302121985480241e-01 4.073544677410066470e+03
1.261857817050039687e-01 4.032687023488611885e+03
1.274539698947855793e-01 3.989017835227140495e+03
1.287349035877686787e-01 3.945821532164139626e+03
1.300287108783899914e-01 3.903092993517189370e+03
1.313355211484567575e-01 3.860827153955833637e+03
1.326554650800850221e-01 3.819019003001126748e+03
1.339886746687678765e-01 3.777663584431632444e+03
1.353352832365751768e-01 3.736755995695850743e+03
1.366954254454859352e-01 3.696291387331064016e+03
1.380692373108544924e-01 3.654088836883191561e+03
1.394568562150121926e-01 3.594489484726288538e+03
1.408584209210058391e-01 3.535862216975647243e+03
1.422740715864739824e-01 3.478191178625190787e+03
1.437039497776629038e-01 3.421460773268987396e+03
1.451481984835832906e-01 3.365655658883463275e+03
1.466069621303092707e-01 3.310760743678333711e+03
1.480803865954211374e-01 3.256761182015206032e+03
1.495686192225932909e-01 3.203642370392798966e+03
1.510718088363286193e-01 3.151389943497584227e+03
1.525901057568412045e-01 3.087926278603551964e+03
1.541236618150882975e-01 3.025693052160623211e+03
1.556726303679537016e-01 2.964714057238838905e+03
1.572371663135835318e-01 2.904964016397152136e+03
1.588174261068761306e-01 2.846418161629284896e+03
1.604135677751277189e-01 2.789052224096609280e+03
1.620257509338352553e-01 2.732842424068030596e+03
1.636541368026580567e-01 2.677765461062689610e+03
1.652988882215400135e-01 2.623798504191328902e+03
1.669601696669937019e-01 2.580152030709620703e+03
1.686381472685479777e-01 2.538426473987960890e+03
1.703329888253614088e-01 2.497375692265237376e+03
1.720448638230019645e-01 2.456988773253249292e+03
1.737739434503960401e-01 2.417254981134556601e+03
1.755204006169472641e-01 2.378163753708604872e+03
1.772844099698276665e-01 2.339704699583985530e+03
1.790661479114425414e-01 2.301867595416316362e+03
1.808657926170708363e-01 2.264642383190407600e+03
1.826835240526828719e-01 2.235143498061779610e+03
1.845195239929369180e-01 2.207829586539307911e+03
1.863739760393570422e-01 2.180849456612211270e+03
1.882470656386932839e-01 2.154199029400987456e+03
1.901389801014664593e-01 2.127874275870893143e+03
1.920499086206994555e-01 2.101871216222837575e+03
1.939800422908366517e-01 2.076185919291645860e+03
1.959295741268535229e-01 2.050814501951808325e+03
1.978986990835582271e-01 2.025753128530420781e+03
1.998876140750874553e-01 1.993877727397207082e+03
2.018965179945977351e-01 1.959768587866884445e+03
2.039256117341551322e-01 1.926242951218164080e+03
2.059750982048245416e-01 1.893290835504337338e+03
2.080451823569609004e-01 1.860902429539250534e+03
2.101360712007045439e-01 1.829068089976047077e+03
2.122479738266822014e-01 1.797778338436012973e+03
2.143811014269164372e-01 1.767023858686468202e+03
2.165356673159448964e-01 1.736795493866907918e+03
2.187118869521519071e-01 1.703294516225105781e+03
2.209099779593146629e-01 1.668086514265739879e+03
2.231301601483656194e-01 1.633606280399426851e+03
2.253726555393738284e-01 1.599838771273292650e+03
2.276376883837471221e-01 1.566769254488553997e+03
2.299254851866575355e-01 1.534383302172948788e+03
2.322362747296917995e-01 1.502666784685978428e+03
2.345702880937299006e-01 1.471605864454309767e+03
2.369277586820532633e-01 1.441186989934628400e+03
2.393089222436853014e-01 1.415452563336895309e+03
2.417140168969664771e-01 1.393462390992523979e+03
2.441432831533663639e-01 1.371813853325470745e+03
2.465969639415349912e-01 1.350501642771483603e+03
2.490753046315959396e-01 1.329520534223489221e+03
2.515785530596834629e-01 1.308865383750603314e+03
2.541069595527264968e-01 1.288531127336948430e+03
2.566607769534812733e-01 1.268512779640137296e+03
2.592402606458160674e-01 1.248805432768997207e+03
2.618456685802497685e-01 1.228163874833600175e+03
2.644772612997469130e-01 1.206325723787252855e+03
2.671353019657724537e-01 1.184875879913014842e+03
2.698200563846080979e-01 1.163807438667562337e+03
2.725317930339329897e-01 1.143113618278220429e+03
2.752707830896718999e-01 1.122787757559936153e+03
2.780373004531128123e-01 1.102823313771101311e+03
2.808316217782975688e-01 1.083213860507521531e+03
2.836540264996872951e-01 1.063953085633757382e+03
2.865047968601061035e-01 1.044194877028649671e+03
2.893842179389657376e-01 1.023222547643169833e+03
2.922925776807736020e-01 1.002671440971507991e+03
2.952301669239275062e-01 9.825330968864366241e+02
2.981972794297997331e-01 9.627992251797738845e+02
3.011942119121134853e-01 9.434617021495771496e+02
3.042212640666144829e-01 9.245125672559346413e+02
3.072787386010407129e-01 9.059440198439031064e+02
3.103669412653934923e-01 8.877484159322679034e+02
3.134861808825128437e-01 8.705567898384754244e+02
3.166367693789597371e-01 8.554226623652476746e+02
3.198190218162094145e-01 8.405516329656254584e+02
3.230332564221574110e-01 8.259391278314208193e+02
3.262797946229429313e-01 8.115806526674409724e+02
3.295589610750914722e-01 7.974717913092310937e+02
3.328710836979809073e-01 7.836082043648126501e+02
3.362164937066336456e-01 7.699856278800215250e+02
3.395955256448383586e-01 7.565998720270874855e+02
3.430085174186048302e-01 7.430750191997217371e+02
3.464558103299544833e-01 7.279650738153404745e+02
3.499377491110512994e-01 7.131623793055325677e+02
3.534546819586749655e-01 6.986606879243531694e+02
3.570069605690410763e-01 6.844538789696925960e+02
3.605949401729708348e-01 6.705359561999368907e+02
3.642189795714146916e-01 6.569010453031139605e+02
3.678794411713325330e-01 6.435433914175621339e+02
3.715766910219347463e-01 6.304573567029653987e+02
3.753110988512873836e-01 6.177054044067066343e+02
3.790830381032854746e-01 6.060468877489331589e+02
3.828928859749974323e-01 5.946084128937567357e+02
3.867410234543853798e-01 5.833858267918349156e+02
3.906278353584040075e-01 5.723750547781203295e+02
3.945537103714827909e-01 5.615720990924176022e+02
3.985190410843945652e-01 5.509730374279023408e+02
4.025242240335150656e-01 5.405740215070251224e+02
4.065696597404769297e-01 5.303712756842753606e+02
4.106557527522219919e-01 5.203610955753449616e+02
4.147829116814565342e-01 5.097654658946560744e+02
4.189515492475128222e-01 4.993848226639522636e+02
4.231620823176212576e-01 4.892155663574159234e+02
4.274149319485977538e-01 4.792533923832507980e+02
4.317105234289493887e-01 4.694940838065040225e+02
4.360492863214038839e-01 4.599335095640553277e+02
4.404316545058661325e-01 4.505676227159733571e+02
4.448580662228065474e-01 4.413924587324495405e+02
4.493289641170855608e-01 4.324041338156487768e+02
4.538447952822183273e-01 4.237352501708344334e+02
4.584060113050845708e-01 4.152543319070186385e+02
4.630130683110876277e-01 4.069431563647926282e+02
4.676664270097672937e-01 3.987983262007720668e+02
4.723665527408712483e-01 3.908165120682642737e+02
4.771139155208893867e-01 3.829944512563190528e+02
4.819089900900558332e-01 3.753289463560520289e+02
4.867522559598234655e-01 3.678168639536405067e+02
4.916441974608153354e-01 3.604551333494795813e+02
4.965853037912581480e-01 3.530893402245566790e+02
5.015760690659025745e-01 3.458403731590699977e+02
5.066169923654350038e-01 3.387402282684004149e+02
5.117085777863861207e-01 3.317858502152113829e+02
5.168513344915413033e-01 3.249742463886133805e+02
5.220457767608563948e-01 3.183024856163866616e+02
5.272924240428871201e-01 3.117676969036243690e+02
5.325918010067340891e-01 3.053670681973061960e+02
5.379444375945096057e-01 2.990978451761901056e+02
5.433508690743331648e-01 2.928878984558919001e+02
5.488116360938579685e-01 2.867795352932636206e+02
5.543272847343367893e-01 2.807985659243821601e+02
5.598983665652299546e-01 2.749423334707573758e+02
5.655254386993631144e-01 2.692082364647915256e+02
5.712090638486390093e-01 2.635937276941421601e+02
5.769498103803090139e-01 2.580963130702011767e+02
5.827482523738100051e-01 2.527135505201623857e+02
5.886049696781736618e-01 2.474430489021974893e+02
5.945205479700108597e-01 2.422497806116153924e+02
6.004955788120804883e-01 2.371467328625363677e+02
6.065306597124459076e-01 2.321511819964845813e+02
6.126263941842265970e-01 2.272608635667134536e+02
6.187833918059493232e-01 2.224735608275749712e+02
6.250022682825072673e-01 2.177871037296810073e+02
6.312836455067303287e-01 2.131993679362364276e+02
6.376281516215754896e-01 2.087082738600936125e+02
6.440364210829414571e-01 2.043117857210877162e+02
6.505090947231144671e-01 1.999790831344672029e+02
6.570468198148525785e-01 1.957138155178958243e+02
6.636502501361130069e-01 1.915395199547803315e+02
6.703200460354307166e-01 1.874542561414280044e+02
6.770568744979538200e-01 1.834561251580452961e+02
6.838614092121427790e-01 1.795432685860800746e+02
6.907343306371392933e-01 1.757138676443893246e+02
6.976763260708133130e-01 1.719661423438272436e+02
7.046880897184933934e-01 1.682983506598714314e+02
7.117703227623872753e-01 1.646898146269651022e+02
7.189237334317013506e-01 1.611355941424614002e+02
7.261490370734636768e-01 1.576580783605592444e+02
7.334469562240596430e-01 1.542556118939733096e+02
7.408182206814857285e-01 1.509265750808276323e+02
7.482635675783305684e-01 1.476693832136601827e+02
7.557837414554883226e-01 1.444824857850557294e+02
7.633794943366134511e-01 1.413643657495670141e+02
7.710515858033240022e-01 1.383135388015614637e+02
7.788007830711599633e-01 1.353168723527811323e+02
7.866278610663058890e-01 1.323638472787998808e+02
7.945336025030838023e-01 1.294752661794386199e+02
8.025187979622256940e-01 1.266497226914725331e+02
8.105842459699315050e-01 1.238858411427939075e+02
8.187307530777235831e-01 1.211822758826380095e+02
8.269591339431012766e-01 1.185377106264252376e+02
8.352702114110081011e-01 1.159508578149027329e+02
8.436648165961170287e-01 1.134204579872713197e+02
8.521437889659417841e-01 1.109385605347511898e+02
8.607079764247853593e-01 1.084923515271307082e+02
8.693582353985304101e-01 1.061000817312695972e+02
8.780954309202829711e-01 1.037605617808646343e+02
8.869204367168761483e-01 1.014726285352862050e+02
8.958341352962438942e-01 9.923514450129975728e+01
9.048374180356721919e-01 9.704699726753860034e+01
9.139311852709377515e-01 9.490709895144343022e+01
9.231163463863422125e-01 9.281438565840025490e+01
9.323938199056515108e-01 9.076439943269728872e+01
9.417645335839487375e-01 8.874368639515402890e+01
9.512294245004109250e-01 8.676796105328871533e+01
9.607894391520168664e-01 8.483622183353617174e+01
9.704455335481985134e-01 8.294748946064083839e+01
9.801986733064422808e-01 8.110080646122446524e+01
9.900498337488516931e-01 7.929523667840462053e+01
9.999999999996802558e-01 7.752986479721958801e+01
1.010050167083844874e+00 7.580379588061889251e+01
1.020201340026429149e+00 7.411491099888061740e+01
1.030454533953186758e+00 7.244927334426110122e+01
1.040810774192054478e+00 7.082106876159879505e+01
1.051271096375686831e+00 6.922945599056680521e+01
1.061836546545018800e+00 6.767361267708763251e+01
1.072508181253871928e+00 6.615273494843759750e+01
1.083287067674610249e+00 6.466603699790175597e+01
1.094174283704858475e+00 6.321275067876482723e+01
1.105170918075291997e+00 6.179212510742444664e+01
1.116278070458511795e+00 6.040342627542502640e+01
1.127496851579012249e+00 5.903393796925864478e+01
1.138828383324254512e+00 5.769539117303365572e+01
1.150273798856856100e+00 5.638719484278349370e+01
1.161834242727908029e+00 5.510866080623992502e+01
1.173510870991431032e+00 5.385911649488391362e+01
1.185304851319982200e+00 5.263790459014401790e+01
1.197217363121422684e+00 5.144438267761611172e+01
1.209249597656860020e+00 5.027792290912255169e+01
1.221402758159774171e+00 4.913791167243547164e+01
1.233678059956343276e+00 4.801542768905507330e+01
1.246076730586976655e+00 4.691764731600542859e+01
1.258600009929069286e+00 4.584496557907018399e+01
1.271249150320991728e+00 4.479680864622420700e+01
1.284025416687324173e+00 4.377261580500756111e+01
1.296930086665349924e+00 4.277183916257143181e+01
1.309964450732820973e+00 4.179394335258346160e+01
1.323129812337005884e+00 4.083840524883186163e+01
1.336427488025036636e+00 3.990471368537975394e+01
1.349858807575562869e+00 3.898642961911092186e+01
1.363425114131732840e+00 3.808789189715181323e+01
1.377127764335507321e+00 3.721006317690641652e+01
1.390968128463325737e+00 3.635246616872738201e+01
1.404947590563134341e+00 3.551463458327675227e+01
1.419067548592792827e+00 3.469611287799535404e+01
1.433329414559870951e+00 3.389645600941810955e+01
1.447734614662850028e+00 3.311522919119582298e+01
1.462284589433745063e+00 3.235200765769533859e+01
1.476980793882157972e+00 3.160230716332935330e+01
1.491824697640780517e+00 3.086840952789871650e+01
1.506817785112358532e+00 3.015155513353611738e+01
1.521961555618133621e+00 2.945134818653387399e+01
1.537257523547775673e+00 2.876740208466754467e+01
1.552707218510825049e+00 2.809933920374225025e+01
1.568312185489652233e+00 2.744679068909702124e+01
1.584073984993959794e+00 2.680939625195093967e+01
1.599994193216832672e+00 2.618680397047787523e+01
1.616074402192360093e+00 2.557593250587941824e+01
1.632316219954839998e+00 2.497771836892064812e+01
1.648721270699583297e+00 2.439349629866675784e+01
1.665291194945335729e+00 2.382293902446543044e+01
1.682027649698329963e+00 2.326572693043664941e+01
1.698932308617988163e+00 2.272154787642921292e+01
1.716006862184290105e+00 2.219009702316554922e+01
1.733253017866820622e+00 2.167107666147618517e+01
1.750672500295520351e+00 2.116419604552874034e+01
1.768267051433148218e+00 2.066732736907585277e+01
1.786038430749480321e+00 2.018055930047223967e+01
1.803988415397257405e+00 1.970525585660612933e+01
1.822118800389903148e+00 1.924114701643686942e+01
1.840431398781025019e+00 1.878796911860556662e+01
1.858928041845723023e+00 1.834546471164820503e+01
1.877610579263717661e+00 1.791338240773664481e+01
1.896480879304319078e+00 1.749147673986499996e+01
1.915540829013256952e+00 1.707950802239907517e+01
1.934792334401385761e+00 1.667608388459429491e+01
1.954237320635286768e+00 1.628076596689825095e+01
1.973877732229787796e+00 1.589481932948209142e+01
1.993715533242415461e+00 1.551802181976881734e+01
2.013752707469802505e+00 1.515015655145968410e+01
2.033991258646069333e+00 1.479101177969320702e+01
2.054433210643199281e+00 1.444038077916395046e+01
2.075080607673426947e+00 1.409806172513058264e+01
2.095935514493661334e+00 1.376385757724442449e+01
2.117000016611963797e+00 1.343685196567831142e+01
2.138276220496100333e+00 1.311631820708469043e+01
2.159766253784189072e+00 1.280343072536166460e+01
2.181472265497467422e+00 1.249800711990884849e+01
2.203396426255194829e+00 1.219986934126048617e+01
2.225540928491718251e+00 1.190884358728974846e+01
2.247907986675713676e+00 1.162476020188907988e+01
2.270499837531640086e+00 1.134745357606793270e+01
2.293318740263408984e+00 1.107676205140916181e+01
2.316366976780309450e+00 1.081211502178086015e+01
2.339646851925200277e+00 1.055265899741211832e+01
2.363160693704995818e+00 1.029942908407212876e+01
2.386910853523469100e+00 1.005227587509886611e+01
2.410899706416393951e+00 9.811053549110201999e+00
2.435129651289049679e+00 9.575619783968623011e+00
2.459603111156115851e+00 9.345835672810881789e+00
2.484322533383974019e+00 9.121565642091981729e+00
2.509290389935446175e+00 8.902677371596482203e+00
2.534509177616993902e+00 8.688832890080634641e+00
2.559981418328401759e+00 8.479135259902770727e+00
2.585709659314967102e+00 8.274498504603990057e+00
2.611696473422229214e+00 8.074800484251122512e+00
2.637944459353254612e+00 7.879922006654913602e+00
2.664456241928509606e+00 7.689746756228777791e+00
2.691234472348345008e+00 7.504161224564336763e+00
2.718281828458118277e+00 7.323054642682588877e+00
2.745601015015974422e+00 7.146318914920298582e+00
2.773194763963350962e+00 6.973771056000334312e+00
2.801065834698126977e+00 6.804543623937251873e+00
2.829217014350592141e+00 6.639422710934400840e+00
2.857651118062181084e+00 6.478308667079221372e+00
2.886370989266970000e+00 6.321104260591206447e+00
2.915379499976002986e+00 6.167714619142843802e+00
2.944679551064514289e+00 6.018047172604413575e+00
2.974274072562039795e+00 5.872011597178147468e+00
3.004166023945402220e+00 5.729519760888189595e+00
3.034358394434638839e+00 5.590485670393434248e+00
3.064854203291949020e+00 5.454126879734826794e+00
3.095656500123641575e+00 5.321087651094895676e+00
3.126768365185080167e+00 5.191293568148690696e+00
3.158192909688685823e+00 5.064665474013867907e+00
3.189933276115085814e+00 4.941126142634222340e+00
3.221992638527383601e+00 4.820600231682071524e+00
3.254374202888548506e+00 4.703014236609657672e+00
3.287081207381989501e+00 4.588296445821526959e+00
3.320116922735401044e+00 4.476376896939819439e+00
3.353484652547858769e+00 4.366695787250378658e+00
3.387187733620163677e+00 4.259647880050340341e+00
3.421229536288496131e+00 4.155224212090728564e+00
3.455613464761479126e+00 4.053360451132194342e+00
3.490342957460625950e+00 3.953993842016041871e+00
3.525421487364160278e+00 3.857063168002627940e+00
3.560852562354291706e+00 3.762508713057883369e+00
3.596639725568033352e+00 3.670272225063788696e+00
3.632786555751541080e+00 3.580296879931080589e+00
3.669296667617969465e+00 3.492189707656366160e+00
3.706173712208916893e+00 3.406172568077617591e+00
3.743421377259560145e+00 3.322274141661870406e+00
3.781043387567458058e+00 3.240442241769495801e+00
3.819043505365005586e+00 3.160625967185060947e+00
3.857425530695636873e+00 3.082775670455887518e+00
3.896193301793855923e+00 3.006842927010086708e+00
3.935350695469092663e+00 2.932780505035440299e+00
3.974901627493360401e+00 2.860542336100234895e+00
4.014850052992806617e+00 2.789852272341269757e+00
4.055199966843257009e+00 2.720819798102978027e+00
4.095955404069735906e+00 2.653495472552925172e+00
4.137120440249944409e+00 2.587837029033696723e+00
4.178699191921790401e+00 2.523803246739591000e+00
4.220695816995073457e+00 2.461353924838083351e+00
4.263114515167314877e+00 2.400449857231249595e+00
4.305959528343695553e+00 2.341052807942100689e+00
4.349235141061221555e+00 2.283125487109720630e+00
4.392945680917213380e+00 2.226475644594466452e+00
4.437095519002096644e+00 2.171140747966350482e+00
4.481689070336488889e+00 2.117181096916252336e+00
4.526730794312666895e+00 2.064562512282127393e+00
4.572225195140549481e+00 2.013251664361209059e+00
4.618176822298145190e+00 1.963216051798235329e+00
4.664590270986481713e+00 1.914423980998491093e+00
4.711470182589087230e+00 1.866844546052425224e+00
4.758821245136173772e+00 1.820447609159190350e+00
4.806648193773471966e+00 1.775101840268121345e+00
4.854955811235717178e+00 1.730799360788305430e+00
4.903748928324897172e+00 1.687602569806763153e+00
4.953032424393362554e+00 1.645483871869052095e+00
5.002811227831807095e+00 1.604416360240071171e+00
5.053090316562077078e+00 1.564373799715273128e+00
5.103874718534925137e+00 1.525330609860769737e+00
5.155169512232852469e+00 1.487261848671802333e+00
5.206979827177991460e+00 1.450143196638894683e+00
5.259310844445031385e+00 1.413886171789421109e+00
5.312167797179288442e+00 1.378456727253867031e+00
5.365555971120066658e+00 1.343915080877143842e+00
5.419480705129268827e+00 1.310238986034126363e+00
5.473947391725251244e+00 1.277406753560084596e+00
5.528961477622044818e+00 1.245397237781790345e+00
5.584528464274063353e+00 1.214189822898553484e+00
5.640653908426298990e+00 1.183764409704531895e+00
5.697343422669957747e+00 1.154101402643842089e+00
5.754602676003686135e+00 1.125141892737169247e+00
5.812437394400512325e+00 1.096838025153882734e+00
5.870853361380492075e+00 1.069246164585305525e+00
5.929856418589024791e+00 1.042348399910711265e+00
5.989452466380980056e+00 1.016127270578338848e+00
6.049647464410779385e+00 9.905657552709198344e-01
6.110447432228409248e+00 9.656472608563919646e-01
6.171858449881340469e+00 9.413556116165193721e-01
6.233886658522491686e+00 9.176750387465791858e-01
6.296538261024396732e+00 8.945671944281624599e-01
6.359819522599535979e+00 8.719784305284500325e-01
6.423736771426825420e+00 8.499600567097559400e-01
6.488296399284389615e+00 8.284976700217653311e-01
6.553504862188790803e+00 8.075772312038109746e-01
6.619368681040682212e+00 7.871850555013392148e-01
6.685894442276860694e+00 7.673078037142606611e-01
6.753088798528864345e+00 7.479324734713574951e-01
6.820958469288290082e+00 7.290463907249692399e-01
6.889510241578794769e+00 7.106372014604882548e-01
6.958750970634759447e+00 6.926928636151759022e-01
7.028687580586765904e+00 6.752016392010913304e-01
7.099327065154065863e+00 6.581520866268255610e-01
7.170676488344006394e+00 6.415330532132207386e-01
7.242742985158391100e+00 6.253336678979986019e-01
7.315533762306929866e+00 6.095433341246654368e-01
7.389056098927972549e+00 5.941517229109466447e-01
7.463317347316475114e+00 5.791487660922318703e-01
7.538324933659187543e+00 5.645246497356829485e-01
7.614086358777224284e+00 5.502698077205927518e-01
7.690609198876204644e+00 5.363749154809033248e-01
7.767901106303934711e+00 5.228308839056439172e-01
7.845969810315595261e+00 5.096288533934769660e-01
7.924823117846617748e+00 4.967601880573256357e-01
8.004468914293438431e+00 4.842164700753839868e-01
8.084915164302101331e+00 4.719894941846848879e-01
8.166169912564672728e+00 4.600712623137959145e-01
8.248241284623667013e+00 4.484539783510211874e-01
8.331137487684651788e+00 4.371300430447042640e-01
8.414866811437041960e+00 4.260920490322799292e-01
8.499437628883017126e+00 4.153327759948963749e-01
8.584858397174770062e+00 4.048451859343636938e-01
8.671137658460283504e+00 3.946224185693562592e-01
8.758284040737613907e+00 3.846577868478776030e-01
8.846306258717643090e+00 3.749447725730190584e-01
8.935213114695491399e+00 3.654770221392442675e-01
9.025013499430812658e+00 3.562483423762376478e-01
9.115716393036946030e+00 3.472526964977344921e-01
9.207330865878871506e+00 3.384842001527023081e-01
9.299866079480185732e+00 3.299371175761651731e-01
9.393331287439330879e+00 3.216058578372656407e-01
9.487735836355019714e+00 3.134849711820208440e-01
9.583089166760851541e+00 3.055691454684875130e-01
9.679400814069294867e+00 2.978532026918886966e-01
9.776680409525303261e+00 2.903320955975517981e-01
9.874937681169525305e+00 2.830009043792590662e-01
9.974182454811042930e+00 2.758548334611147790e-01
1.007442465500988682e+01 2.688892083605476380e-01
1.017567430606957757e+01 2.620994726306103417e-01
1.027794153303963220e+01 2.554811848794306117e-01
1.038123656272800766e+01 2.490300158649517981e-01
1.048556972472371562e+01 2.427417456630589776e-01
1.059095145242986113e+01 2.366122609071447669e-01
1.069739228410707277e+01 2.306375520974566773e-01
1.080490286392725530e+01 2.248137109783209242e-01
1.091349394303794718e+01 2.191369279816506033e-01
1.102317638063751382e+01 2.136034897349589901e-01
1.113396114506115353e+01 2.082097766323184052e-01
1.124585931487766999e+01 2.029522604666725571e-01
1.135888207999725630e+01 1.978275021219107754e-01
1.147304074279056785e+01 1.928321493232256489e-01
1.158834671921905723e+01 1.879629344442673156e-01
1.170481153997649848e+01 1.832166723697048194e-01
1.182244685164197939e+01 1.785902584117252667e-01
1.194126441784465342e+01 1.740806662791554438e-01
1.206127612044019948e+01 1.696849460978456514e-01
1.218249396069892931e+01 1.654002224810905419e-01
1.230493006050584093e+01 1.612236926487238819e-01
1.242859666357290216e+01 1.571526245937263089e-01
1.255350613666351833e+01 1.531843552951476783e-01
1.267967097082913597e+01 1.493162889760998313e-01
1.280710378265826321e+01 1.455458954058094501e-01
1.293581731553823388e+01 1.418707082444950474e-01
1.306582444092964224e+01 1.382883234300493480e-01
1.319713815965341119e+01 1.347963976054673274e-01
1.332977160319079957e+01 1.313926465859737158e-01
1.346373803499663957e+01 1.280748438648630083e-01
1.359905085182579754e+01 1.248408191570756220e-01
1.373572358507276547e+01 1.216884569795320115e-01
1.387376990212471561e+01 1.186156952673226989e-01
1.401320360772834306e+01 1.156205240248709826e-01
1.415403864537045209e+01 1.127009840110811956e-01
1.429628909867221864e+01 1.098551654577643449e-01
1.443996919279746827e+01 1.070812068203937928e-01
1.458509329587529280e+01 1.043772935604073970e-01
1.473167592043698981e+01 1.017416569582518249e-01
1.487973172486722007e+01 9.917257295638684522e-02
1.502927551486975588e+01 9.666836103156757620e-02
1.518032224494816163e+01 9.422738309551551006e-02
1.533288701990137426e+01 9.184804242341114422e-02
1.548698509633407916e+01 8.952878260942093158e-02
1.564263188418228090e+01 8.726808654858658754e-02
1.579984294825441538e+01 8.506447544446550657e-02
1.595863400978795532e+01 8.291650784176451960e-02
1.611902094802143637e+01 8.082277868347161054e-02
1.628101980178228203e+01 7.878191839173558086e-02
1.644464677109080952e+01 7.679259197198531894e-02
1.660991821878036490e+01 7.485349813967495658e-02
1.677685067213350223e+01 7.296336846906076312e-02
1.694546082453460656e+01 7.112096656348972090e-02
1.711576553713936732e+01 6.932508724662338195e-02
1.728778184056103129e+01 6.757455577409091085e-02
1.746152693657334254e+01 6.586822706506102743e-02
1.763701819983063501e+01 6.420498495319433563e-02
1.781427317960540790e+01 6.258374145653539111e-02
1.799330960154341952e+01 6.100343606580951178e-02
1.817414536943612546e+01 5.946303505071938444e-02
1.835679856701094792e+01 5.796153078375371887e-02
1.854128745973978809e+01 5.649794108105126583e-02
1.872763049666572499e+01 5.507130855992908164e-02
1.891584631224780466e+01 5.368070001262766067e-02
1.910595372822437099e+01 5.232520579585916293e-02
1.929797175549537158e+01 5.100393923579658179e-02
1.949191959602361734e+01 4.971603604805641119e-02
1.968781664475485371e+01 4.846065377234209243e-02
1.988568249155713730e+01 4.723697122137630183e-02
2.008553692317996209e+01 4.604418794371584189e-02
2.028739992523310676e+01 4.488152370016531417e-02
2.049129168418506808e+01 4.374821795338946356e-02
2.069723258938158494e+01 4.264352937042149849e-02
2.090524323508471838e+01 4.156673533773289075e-02
2.111534442253244848e+01 4.051713148854814428e-02
2.132755716201869234e+01 3.949403124209471816e-02
2.154190267499415867e+01 3.849676535448746939e-02
2.175840239618869276e+01 3.752468148095534917e-02
2.197707797575490574e+01 3.657714374911695543e-02
2.219795128143307039e+01 3.565353234304145108e-02
2.242104440073772764e+01 3.475324309780080528e-02
2.264637964316665020e+01 3.387568710427075330e-02
2.287397954243192899e+01 3.302029032389997704e-02
2.310386685871324985e+01 3.218649321321712803e-02
2.333606458093372638e+01 3.137375035780986393e-02
2.357059592905899947e+01 3.058153011555702142e-02
2.380748435641940830e+01 2.980931426886024999e-02
2.404675355205517562e+01 2.905659768566139917e-02
2.428842744308517965e+01 2.832288798901942337e-02
2.453253019709983107e+01 2.760770523502642515e-02
2.477908622457803389e+01 2.691058159886885667e-02
2.502812018132808802e+01 2.623106106879896648e-02
2.527965697095311270e+01 2.556869914784619391e-02
2.553372174734159472e+01 2.492306256305920620e-02
2.579033991718298324e+01 2.429372898208127102e-02
2.604953714250820340e+01 2.368028673689501207e-02
2.631133934325569257e+01 2.308233455453417154e-02
2.657577269986360236e+01 2.249948129459541230e-02
2.684286365588805268e+01 2.193134569338478501e-02
2.711263892064730996e+01 2.137755611451675961e-02
2.738512547189257873e+01 2.083775030581789395e-02
2.766035055850595015e+01 2.031157516236170232e-02
2.793834170322553945e+01 1.979868649549493959e-02
2.821912670539758139e+01 1.929874880768590178e-02
2.850273364375618002e+01 1.881143507307654270e-02
2.878919087923140907e+01 1.833642652354751379e-02
2.907852705778563518e+01 1.787341244021882838e-02
2.937077111327792878e+01 1.742208995018223322e-02
2.966595227035727689e+01 1.698216382839340052e-02
2.996410004738526212e+01 1.655334630454936840e-02
3.026524425938815099e+01 1.613535687485429318e-02
3.056941502103820696e+01 1.572792211852215918e-02
3.087664274966496691e+01 1.533077551893604652e-02
3.118695816829720258e+01 1.494365728930158697e-02
3.150039230873548846e+01 1.456631420271222929e-02
3.181697651465517040e+01 1.419849942651336613e-02
3.213674244474055541e+01 1.383997236082905140e-02
3.245972207585101188e+01 1.349049848118688381e-02
3.278594770621890575e+01 1.314984918510369964e-02
3.311545195867925173e+01 1.281780164254981563e-02
3.344826778393177591e+01 1.249413865018841364e-02
3.378442846383621401e+01 1.217864848929571184e-02
3.412396761474082751e+01 1.187112478726879208e-02
3.446691919084376821e+01 1.157136638263032806e-02
3.481331748758831424e+01 1.127917719344207273e-02
3.516319714509270256e+01 1.099436608904133701e-02
3.551659315161435160e+01 1.071674676501652851e-02
3.587354084704855239e+01 1.044613762133641231e-02
3.623407592646217523e+01 1.018236164356520201e-02
3.659823444366347900e+01 9.925246287065824652e-03
3.696605281480777450e+01 9.674623364135553558e-03
3.733756782203883517e+01 9.430328933988440382e-03
3.771281661716683686e+01 9.192203195515861666e-03
3.809183672538387810e+01 8.960090382755617547e-03
3.847466604901676135e+01 8.733838663000620395e-03
3.886134287131700660e+01 8.513300037478081089e-03
3.925190586028895012e+01 8.298330244541539391e-03
3.964639407255680936e+01 8.088788665302106343e-03
4.004484695727069266e+01 7.884538231648278647e-03
4.044730436005126961e+01 7.685445336578239188e-03
4.085380652697404713e+01 7.491379746811668329e-03
4.126439410859433110e+01 7.302214517595237951e-03
4.167910816401257534e+01 7.117825909661912136e-03
4.209799016498008228e+01 6.938093308294365942e-03
4.252108200004586536e+01 6.762899144422632874e-03
4.294842597874585266e+01 6.592128817718851883e-03
4.338006483583418316e+01 6.425670621635348745e-03
4.381604173555643200e+01 6.263415670332051627e-03
4.425640027596572423e+01 6.105257827450993359e-03
4.470118449328290922e+01 5.951093636689040213e-03
4.515043886630053294e+01 5.800822254123724417e-03
4.560420832083044473e+01 5.654345382247838274e-03
4.606253823419606874e+01 5.511567205669411391e-03
4.652547443977052666e+01 5.372394328437290340e-03
4.699306323156031340e+01 5.236735712944941973e-03
4.746535136883444750e+01 5.104502620381330853e-03
4.794238608080004838e+01 4.975608552685290183e-03
4.842421507132569047e+01 4.849969195961630584e-03
4.891088652371210088e+01 4.727502365330179916e-03
4.940244910551027147e+01 4.608127951165498851e-03
4.989895197338783817e+01 4.491767866694598710e-03
5.040044477804516276e+01 4.378345996917695597e-03
5.090697766918079736e+01 4.267788148819015061e-03
5.141860130050616107e+01 4.160022002834279017e-03
5.193536683481054439e+01 4.054977065545580656e-03
5.245732594907784829e+01 3.952584623565468663e-03
5.298453083965463861e+01 3.852777698595388940e-03
5.351703422746950878e+01 3.755491003605767285e-03
5.405488936330480243e+01 3.660660900136357854e-03
5.459815003312212411e+01 3.568225356663523758e-03
5.514687056344136806e+01 3.478123908024590479e-03
5.570110582677303057e+01 3.390297615867129011e-03
5.626091124710511338e+01 3.304689030093367879e-03
5.682634280544596095e+01 3.221242151281581475e-03
5.739745704542279015e+01 3.139902394053172442e-03
5.797431107893573454e+01 3.060616551369653871e-03
5.855696259186866826e+01 2.983332759724688973e-03
5.914546984985820899e+01 2.908000465221312857e-03
5.973989170412078664e+01 2.834570390501044927e-03
6.034028759733740088e+01 2.762994502510935594e-03
6.094671756959748876e+01 2.693225981082418910e-03
6.155924226440342295e+01 2.625219188307187802e-03
6.217792293473533505e+01 2.558929638680093772e-03
6.280282144917605081e+01 2.494313970003343879e-03
6.343400029809754415e+01 2.431329915020124643e-03
6.407152259991046606e+01 2.369936273765681570e-03
6.471545210737647835e+01 2.310092886618471484e-03
6.536585321398320048e+01 2.251760608029034459e-03
6.602279096038303408e+01 2.194901280915147451e-03
6.668633104089785490e+01 2.139477711700110175e-03
6.735653981008887570e+01 2.085453645985183881e-03
6.803348428939179371e+01 2.032793744832451979e-03
6.871723217381841664e+01 1.981463561650296731e-03
6.940785183872672803e+01 1.931429519658936457e-03
7.010541234665896582e+01 1.882658889928627479e-03
7.080998345424750084e+01 1.835119769968310320e-03
7.152163561918997914e+01 1.788781062859764841e-03
7.224044000729567472e+01 1.743612456913896111e-03
7.296646849960266934e+01 1.699584405843882883e-03
7.369979369956547544e+01 1.656668109437790457e-03
7.444048894031493546e+01 1.614835494719334521e-03
7.518862829199211717e+01 1.574059197584653982e-03
7.594428656915589215e+01 1.534312544901610294e-03
7.670753933826397031e+01 1.495569537063911984e-03
7.747846292522903866e+01 1.457804830981722930e-03
7.825713442305196565e+01 1.420993723505366681e-03
7.904363169953167301e+01 1.385112135265630920e-03
7.983803340505153301e+01 1.350136594922817651e-03
8.064041898044382606e+01 1.316044223812888299e-03
8.145086866493443267e+01 1.282812720982994805e-03
8.226946350416748999e+01 1.250420348601813132e-03
8.309628535830937324e+01 1.218845917741886910e-03
8.393141691023421913e+01 1.188068774518336425e-03
8.477494167379286694e+01 1.158068786578558742e-03
8.562694400216491886e+01 1.128826329932939784e-03
8.648750909629352179e+01 1.100322276118470468e-03
8.735672301340490264e+01 1.072537979685967259e-03
8.823467267561484562e+01 1.045455266003176339e-03
8.912144587862147205e+01 1.019056419367114557e-03
9.001713130048439382e+01 9.933241714141366474e-04
9.092181851049190300e+01 9.682416898256520060e-04
9.183559797811857095e+01 9.437925673163398942e-04
9.275856108207295847e+01 9.199608109025574987e-04
9.369080011943495379e+01 8.967308314399182042e-04
9.463240831488481319e+01 8.740874334267145036e-04
9.558347983002641968e+01 8.520158050634464835e-04
9.654410977280420525e+01 8.305015085642220756e-04
9.751439420701331073e+01 8.095304707124379232e-04
9.849443016190537037e+01 7.890889736550391531e-04
9.948431564189223764e+01 7.691636459292854359e-04
1.004841496363471691e+02 7.497414537156240483e-04
1.014940321295031680e+02 7.308096923127642072e-04
1.025140641104507608e+02 7.123559778258770374e-04
1.035443475832376947e+02 6.943682390670074048e-04
1.045849855770701993e+02 6.768347096580637230e-04
1.056360821566152310e+02 6.597439203346594635e-04
1.066977424324062866e+02 6.430846914431908277e-04
1.077700725713552714e+02 6.268461256284028850e-04
1.088531798073700969e+02 6.110176007042502798e-04
1.099471724520773250e+02 5.955887627066273242e-04
1.110521599056527151e+02 5.805495191194481397e-04
1.121682526677620473e+02 5.658900322734927886e-04
1.132955623486120231e+02 5.516007129112441079e-04
1.144342016801105331e+02 5.376722139136562092e-04
1.155842845271392036e+02 5.240954241865330423e-04
1.167459258989407402e+02 5.108614627003408648e-04
1.179192419606207665e+02 4.979616726808999130e-04
1.191043500447636347e+02 4.853876159466963638e-04
1.203013686631649364e+02 4.731310673892377520e-04
1.215104175186835960e+02 4.611840095924707602e-04
1.227316175172131381e+02 4.495386275888641554e-04
1.239650907797715433e+02 4.381873037468370742e-04
1.252109606547124940e+02 4.271226127880789545e-04
1.264693517300613053e+02 4.163373169304250684e-04
1.277403898459745761e+02 4.058243611531485613e-04
1.290242021073235890e+02 3.955768685825073188e-04
1.303209168964038724e+02 3.855881359929191508e-04
1.316306638857744531e+02 3.758516294221829566e-04
1.329535740512261839e+02 3.663609798977830690e-04
1.342897796848785106e+02 3.571099792703420479e-04
1.356394144084078732e+02 3.480925761527063145e-04
1.370026131864108265e+02 3.393028719617488293e-04
1.383795123399016234e+02 3.307351170596987641e-04
1.397702495599435508e+02 3.223837069933491520e-04
1.411749639214170600e+02 3.142431788275741340e-04
1.425937958969284125e+02 3.063082075724081368e-04
1.440268873708580202e+02 2.985736026992403982e-04
1.454743816535480221e+02 2.910343047458860432e-04
1.469364234956324538e+02 2.836853820069676628e-04
1.484131591025133332e+02 2.765220273077679375e-04
1.499047361489825221e+02 2.695395548598564207e-04
1.514113037939881394e+02 2.627333971958078400e-04
1.529330126955497065e+02 2.560991021816173634e-04
1.544700150258248641e+02 2.496323301044416228e-04
1.560224644863280332e+02 2.433288508335850766e-04
1.575905163232995676e+02 2.371845410537223712e-04
1.591743273432292938e+02 2.311953815675005079e-04
1.607740559285384734e+02 2.253574546667421125e-04
1.623898620534193356e+02 2.196669415692179461e-04
1.640219072998314687e+02 2.141201199211785543e-04
1.656703548736589653e+02 2.087133613621508879e-04
1.673353696210322994e+02 2.034431291516568545e-04
1.690171180448143673e+02 1.983059758555933739e-04
1.707157683212495840e+02 1.932985410911338179e-04
1.724314903167805255e+02 1.884175493287894559e-04
1.741644556050359256e+02 1.836598077495528707e-04
1.759148374839893734e+02 1.790222041565031803e-04
1.776828109932880011e+02 1.745017049388888669e-04
1.794685529317554824e+02 1.700953530879638321e-04
1.812722418750731208e+02 1.658002662624107385e-04
1.830940581936389719e+02 1.616136349032203697e-04
1.849341840706037203e+02 1.575327203955585774e-04
1.867928035200878583e+02 1.535548532776455084e-04
1.886701024055845437e+02 1.496774314942965348e-04
1.905662684585473983e+02 1.458979186950347081e-04
1.924814912971625347e+02 1.422138425748684391e-04
1.944159624453091624e+02 1.386227932571764462e-04
1.963698753517134605e+02 1.351224217171473124e-04
1.983434254092950368e+02 1.317104382454328880e-04
2.003368099747050053e+02 1.283846109501938875e-04
2.023502283880603159e+02 1.251427642972556542e-04
2.043838819928794805e+02 1.219827776868718079e-04
2.064379741562184165e+02 1.189025840667893392e-04
2.085127102890058950e+02 1.159001685799837381e-04
2.106082978665834560e+02 1.129735672466271969e-04
2.127249464494544213e+02 1.101208656795152097e-04
2.148628677042417223e+02 1.073401978316638100e-04
2.170222754248532055e+02 1.046297447758619720e-04
2.192033855538596470e+02 1.019877335146057425e-04
2.214064162040908172e+02 9.941243582050501328e-05
2.236315876804483196e+02 9.690216710572061997e-05
2.258791225019349724e+02 9.445528532003065263e-05
2.281492454239050289e+02 9.207018987672066068e-05
2.304421834605416848e+02 8.974532060553502876e-05
2.327581659075601692e+02 8.747915673221315271e-05
2.350974243651360212e+02 8.527021588365440649e-05
2.374601927610635812e+02 8.311705311815250610e-05
2.398467073741505544e+02 8.101825998040686119e-05
2.422572068578478479e+02 7.897246358002196049e-05
2.446919322641134613e+02 7.697832569356789355e-05
2.471511270675161143e+02 7.503454188914760847e-05
2.496350371895846081e+02 7.313984067316899604e-05
2.521439110234019552e+02 7.129298265857546269e-05
2.546779994584431392e+02 6.949275975411529742e-05
2.572375559056625320e+02 6.773799437416077641e-05
2.598228363228369631e+02 6.602753866833034222e-05
2.624340992401633912e+02 6.436027377068107946e-05
2.650716057861105810e+02 6.273510906782171098e-05
2.677356197135301841e+02 6.115098148546810341e-05
2.704264074260339044e+02 5.960685479313144422e-05
2.731442380046362928e+02 5.810171892618549511e-05
2.758893832346610679e+02 5.663458932522779846e-05
2.786621176329179548e+02 5.520450629199730825e-05
2.814627184751562936e+02 5.381053436167558974e-05
2.842914658237951926e+02 5.245176169084145903e-05
2.871486425559278359e+02 5.112729946112473461e-05
2.900345343916073944e+02 4.983628129775936617e-05
2.929494299224213592e+02 4.857786270283799253e-05
2.958936206403528786e+02 4.735122050292574767e-05
2.988674009669283578e+02 4.615555231056331321e-05
3.018710682826575180e+02 4.499007599945077955e-05
3.049049229567739303e+02 4.385402919278062956e-05
3.079692683772742612e+02 4.274666876457254935e-05
3.110644109812553779e+02 4.166727035354114852e-05
3.141906602855557935e+02 4.061512788931466764e-05
3.173483289177100914e+02 3.958955313052292128e-05
3.205377326472139430e+02 3.858987521462468396e-05
3.237591904170993189e+02 3.761544021904274910e-05
3.270130243758266602e+02 3.666561073348066321e-05
3.302995599095021930e+02 3.573976544286422793e-05
3.336191256744191946e+02 3.483729872102925491e-05
3.369720536299217315e+02 3.395762023447382712e-05
3.403586790715982033e+02 3.310015455626980562e-05
3.437793406648137875e+02 3.226434078959456380e-05
3.472343804785796237e+02 3.144963220088744182e-05
3.507241440197574889e+02 3.065549586217126017e-05
3.542489802676084309e+02 2.988141230246506497e-05
3.578092417086933210e+02 2.912687516797399809e-05
3.614052843721244699e+02 2.839139089088324653e-05
3.650374678651661497e+02 2.767447836646551532e-05
3.687061554091932862e+02 2.697566863840760313e-05
3.724117138760161652e+02 2.629450459203361547e-05
3.761545138245707562e+02 2.563054065529525309e-05
3.799349295379723230e+02 2.498334250730739533e-05
3.837533390609411299e+02 2.435248679424490130e-05
3.876101242376101936e+02 2.373756085241229607e-05
3.915056707497125785e+02 2.313816243830758406e-05
3.954403681551470982e+02 2.255389946550052726e-05
3.994146099269318597e+02 2.198438974815890214e-05
4.034287934925545187e+02 2.142926075103504979e-05
4.074833202737182205e+02 2.088814934580398390e-05
4.115785957264812964e+02 2.036070157350559082e-05
4.157150293818003206e+02 1.984657241300971848e-05
4.198930348864864186e+02 1.934542555534877423e-05
4.241130300445731791e+02 1.885693318369558390e-05
4.283754368590946342e+02 1.838077575894961859e-05
4.326806815742826871e+02 1.791664181071338338e-05
4.370291947181950718e+02 1.746422773353859112e-05
4.414214111457714580e+02 1.702323758833849840e-05
4.458577700823163923e+02 1.659338290879230495e-05
4.503387151674189681e+02 1.617438251267084477e-05
4.548646944993201942e+02 1.576596231787749978e-05
4.594361606797265267e+02 1.536785516319017324e-05
4.640535708590671788e+02 1.497980063348351541e-05
4.687173867822063471e+02 1.460154488938328958e-05
4.734280748346212135e+02 1.423284050123854457e-05
4.781861060890441877e+02 1.387344628724619510e-05
4.829919563525675699e+02 1.352312715570268720e-05
4.878461062142208675e+02 1.318165395122050626e-05
4.927490410930335543e+02 1.284880330482242392e-05
4.977012512865811686e+02 1.252435748783621755e-05
5.027032320200116260e+02 1.220810426946230569e-05
5.077554834955648175e+02 1.189983677796201754e-05
5.128585109425968085e+02 1.159935336531642058e-05
5.180128246681064184e+02 1.130645747533555389e-05
5.232189401077636148e+02 1.102095751508419864e-05
5.284773778774488164e+02 1.074266672954147977e-05
5.337886638253190768e+02 1.047140307945756643e-05
5.391533290843973418e+02 1.020698912225685850e-05
5.445719101256818249e+02 9.949251895980628957e-06
5.500449488117902774e+02 9.698022806138172333e-06
5.555729924511502986e+02 9.453137515435092021e-06
5.611565938527345452e+02 9.214435836257905656e-06
5.667963113813380005e+02 8.981761625900491048e-06
5.724927090134115133e+02 8.754962684430452597e-06
5.782463563934632020e+02 8.533890655117033934e-06
5.840578288910277251e+02 8.318400927396188996e-06
5.899277076581998926e+02 8.108352542275811033e-06
5.958565796877459206e+02 7.903608100121041187e-06
6.018450378718075626e+02 7.704033670786349612e-06
6.078936810611953661e+02 7.509498706002467428e-06
6.140031141252713951e+02 7.319875953981526017e-06
6.201739480124308557e+02 7.135041376177228555e-06
6.264067998112026316e+02 6.954874066147233648e-06
6.327022928119630478e+02 6.779256170464270274e-06
6.390610565692604723e+02 6.608072811624237915e-06
6.454837269647674702e+02 6.441212012900967139e-06
6.519709462708735828e+02 6.278564625098568605e-06
6.585233632149177083e+02 6.120024255153361517e-06
6.651416330440570164e+02 5.965487196538585506e-06
6.718264175907871731e+02 5.814852361426469543e-06
6.785783853391313869e+02 5.668021214563369942e-06
6.853982114914932708e+02 5.524897708814625445e-06
6.922865780361737507e+02 5.385388222336891241e-06
6.992441738155653184e+02 5.249401497336935214e-06
7.062716945950414811e+02 5.116848580376929146e-06
7.133698431325386764e+02 4.987642764187082493e-06
7.205393292488286079e+02 4.861699530947481063e-06
7.277808698984948705e+02 4.738936497002188099e-06
7.350951892416344435e+02 4.619273358969293784e-06
7.424830187162795028e+02 4.502631841212475337e-06
7.499450971115368247e+02 4.388935644635575982e-06
7.574821706414614937e+02 4.278110396778043575e-06
7.650949930196850346e+02 4.170083603160223081e-06
7.727843255347917193e+02 4.064784599865017322e-06
7.805509371264437277e+02 3.962144507313605821e-06
7.883956044622696027e+02 3.862096185209112819e-06
7.963191120155375984e+02 3.764574188617821482e-06
8.043222521436084662e+02 3.669514725159605705e-06
8.124058251671673361e+02 3.576855613279482157e-06
8.205706394502500416e+02 3.486536241570635992e-06
8.288175114810860578e+02 3.398497529130475666e-06
8.371472659537537311e+02 3.312681886910283651e-06
8.455607358506447326e+02 3.229033180044330738e-06
8.540587625257570608e+02 3.147496691133624425e-06
8.626421957888370571e+02 3.068019084449627831e-06
8.713118939903667979e+02 2.990548371047524287e-06
8.800687241073942459e+02 2.915033874758111317e-06
8.889135618302254898e+02 2.841426199039138722e-06
8.978472916500004430e+02 2.769677194662108286e-06
9.068708069471489353e+02 2.699739928217938358e-06
9.159850100807235549e+02 2.631568651416457542e-06
9.251908124786295957e+02 2.565118771157878707e-06
9.344891347287751842e+02 2.500346820367519150e-06
9.438809066711371543e+02 2.437210429558104681e-06
9.533670674907396005e+02 2.375668299117417680e-06
9.629485658115663682e+02 2.315680172292193950e-06
9.726263597914306729e+02 2.257206808854828921e-06
9.824014172177987803e+02 2.200209959433772709e-06
9.922747156045626298e+02 2.144652340494433349e-06
