# k (h/Mpc)  P (Mpc/h)^3: # Matter power spectrum P(k) at redshift z=0 for k=1.03823e-05 to 10.1402 h/Mpc, number of wavenumbers equal to 558
1.038228e-05 5.1063259359e+01
1.378222e-04 6.2210920885e+02
2.652650e-04 1.1702740707e+03
3.927106e-04 1.7068026483e+03
5.201591e-04 2.2339155412e+03
6.476106e-04 2.7524356894e+03
7.750652e-04 3.2627705423e+03
9.025228e-04 3.7651692175e+03
1.029984e-03 4.2598013243e+03
1.157448e-03 4.7467867744e+03
1.284915e-03 5.2262098119e+03
1.412386e-03 5.6981302012e+03
1.539860e-03 6.1625676870e+03
1.667338e-03 6.6196251280e+03
1.794819e-03 7.0693643810e+03
1.922304e-03 7.5118365248e+03
2.049792e-03 7.9471029451e+03
2.177285e-03 8.3752282886e+03
2.304781e-03 8.7962758001e+03
2.432281e-03 9.2103083641e+03
2.559786e-03 9.6173980440e+03
2.687294e-03 1.0017618652e+04
2.814806e-03 1.0411042771e+04
2.942323e-03 1.0797742936e+04
3.069845e-03 1.1177804480e+04
3.197370e-03 1.1551298938e+04
3.324900e-03 1.1918310307e+04
3.452435e-03 1.2278915374e+04
3.579975e-03 1.2633192396e+04
3.707519e-03 1.2981223634e+04
3.835069e-03 1.3323085070e+04
3.962623e-03 1.3658859038e+04
4.090182e-03 1.3988620115e+04
4.217747e-03 1.4312440634e+04
4.345317e-03 1.4630410454e+04
4.472893e-03 1.4942597568e+04
4.600474e-03 1.5249080977e+04
4.728060e-03 1.5549907756e+04
4.855653e-03 1.5845105798e+04
4.983251e-03 1.6135003139e+04
5.110856e-03 1.6419588282e+04
5.238466e-03 1.6698805532e+04
5.366083e-03 1.6972617354e+04
5.493707e-03 1.7241166280e+04
5.621336e-03 1.7504779485e+04
5.748973e-03 1.7763120799e+04
5.876616e-03 1.8016474421e+04
6.004266e-03 1.8264886794e+04
6.131923e-03 1.8508432521e+04
6.259588e-03 1.8747191616e+04
6.387260e-03 1.8981244656e+04
6.514939e-03 1.9211136753e+04
6.642626e-03 1.9431279898e+04
6.770321e-03 1.9651707013e+04
6.898024e-03 1.9867521518e+04
7.025734e-03 2.0078701252e+04
7.153454e-03 2.0285461616e+04
7.281181e-03 2.0484613664e+04
7.408918e-03 2.0687805824e+04
7.536663e-03 2.0883960283e+04
7.664417e-03 2.1067574925e+04
7.792180e-03 2.1261759932e+04
7.919953e-03 2.1443202189e+04
8.047736e-03 2.1621905257e+04
8.175528e-03 2.1795603326e+04
8.303330e-03 2.1957997445e+04
8.431142e-03 2.2124497854e+04
8.558964e-03 2.2287157643e+04
8.686797e-03 2.2445985478e+04
8.814641e-03 2.2601086530e+04
8.942496e-03 2.2752444620e+04
9.070362e-03 2.2900434445e+04
9.198240e-03 2.3047910497e+04
9.326129e-03 2.3193072542e+04
9.454031e-03 2.3333123178e+04
9.581944e-03 2.3467609110e+04
9.709870e-03 2.3588094577e+04
9.837809e-03 2.3716022489e+04
9.965760e-03 2.3847667132e+04
1.009372e-02 2.3967451954e+04
1.022170e-02 2.4085458650e+04
1.034969e-02 2.4200340417e+04
1.047770e-02 2.4311600680e+04
1.060572e-02 2.4419910023e+04
1.073376e-02 2.4525498355e+04
1.086181e-02 2.4627745964e+04
1.098987e-02 2.4726115882e+04
1.111795e-02 2.4823095037e+04
1.124605e-02 2.4916443294e+04
1.137416e-02 2.5004975572e+04
1.150229e-02 2.5094230757e+04
1.163044e-02 2.5182543567e+04
1.175860e-02 2.5263820282e+04
1.188678e-02 2.5340742996e+04
1.201498e-02 2.5420132533e+04
1.214319e-02 2.5494421468e+04
1.227143e-02 2.5566369857e+04
1.239968e-02 2.5626494664e+04
1.252796e-02 2.5697192561e+04
1.265625e-02 2.5762403843e+04
1.278457e-02 2.5823430360e+04
1.291290e-02 2.5885461093e+04
1.304125e-02 2.5937389922e+04
1.316963e-02 2.5986771048e+04
1.329803e-02 2.6046620418e+04
1.342645e-02 2.6095963240e+04
1.355490e-02 2.6139516646e+04
1.368336e-02 2.6179569396e+04
1.381185e-02 2.6230005291e+04
1.394037e-02 2.6262825405e+04
1.406891e-02 2.6307880871e+04
1.419747e-02 2.6343219519e+04
1.432607e-02 2.6377100535e+04
1.445468e-02 2.6408870047e+04
1.458333e-02 2.6432149253e+04
1.471200e-02 2.6465173541e+04
1.484070e-02 2.6484630069e+04
1.496943e-02 2.6507777177e+04
1.509818e-02 2.6536488507e+04
1.522697e-02 2.6548395825e+04
1.535579e-02 2.6571560444e+04
1.548464e-02 2.6583056321e+04
1.561352e-02 2.6597872290e+04
1.574243e-02 2.6608525017e+04
1.587138e-02 2.6619004544e+04
1.600035e-02 2.6627434201e+04
1.612937e-02 2.6633297165e+04
1.625842e-02 2.6641579166e+04
1.638750e-02 2.6644006088e+04
1.651662e-02 2.6648207628e+04
1.664578e-02 2.6646703501e+04
1.677497e-02 2.6645157000e+04
1.690421e-02 2.6641845887e+04
1.703348e-02 2.6637250370e+04
1.716280e-02 2.6632238419e+04
1.729215e-02 2.6623361264e+04
1.742155e-02 2.6612302315e+04
1.755099e-02 2.6599297409e+04
1.768048e-02 2.6586012377e+04
1.781001e-02 2.6573462817e+04
1.793959e-02 2.6555286387e+04
1.806921e-02 2.6539280763e+04
1.819888e-02 2.6519177023e+04
1.832860e-02 2.6499631370e+04
1.845837e-02 2.6480537065e+04
1.858819e-02 2.6457575698e+04
1.871806e-02 2.6433501082e+04
1.884798e-02 2.6410419186e+04
1.897796e-02 2.6378603014e+04
1.910799e-02 2.6354110107e+04
1.923808e-02 2.6325693176e+04
1.936823e-02 2.6295090362e+04
1.949844e-02 2.6263387124e+04
1.962871e-02 2.6230632013e+04
1.975903e-02 2.6196570709e+04
1.988942e-02 2.6158137405e+04
2.001988e-02 2.6125237919e+04
2.015040e-02 2.6089206818e+04
2.028098e-02 2.6049493246e+04
2.041164e-02 2.6006136037e+04
2.054236e-02 2.5970853275e+04
2.067315e-02 2.5928813983e+04
2.080402e-02 2.5886397461e+04
2.093496e-02 2.5839199213e+04
2.106598e-02 2.5798182558e+04
2.119707e-02 2.5752594949e+04
2.132824e-02 2.5705676157e+04
2.145950e-02 2.5660520055e+04
2.159083e-02 2.5610903692e+04
2.172225e-02 2.5562364056e+04
2.185375e-02 2.5509760688e+04
2.198535e-02 2.5459305262e+04
2.211703e-02 2.5407324608e+04
2.224880e-02 2.5355445796e+04
2.238067e-02 2.5304762797e+04
2.251263e-02 2.5248371619e+04
2.264469e-02 2.5193642559e+04
2.277685e-02 2.5138002380e+04
2.290911e-02 2.5081391468e+04
2.304148e-02 2.5024432861e+04
2.317395e-02 2.4967731815e+04
2.330653e-02 2.4909443972e+04
2.343922e-02 2.4849834372e+04
2.357202e-02 2.4791130534e+04
2.370494e-02 2.4729748201e+04
2.383798e-02 2.4668062060e+04
2.397114e-02 2.4608225003e+04
2.410442e-02 2.4545075543e+04
2.423783e-02 2.4481852615e+04
2.437137e-02 2.4418393345e+04
2.450504e-02 2.4353761941e+04
2.463884e-02 2.4289431526e+04
2.477279e-02 2.4224441524e+04
2.490687e-02 2.4158516420e+04
2.504110e-02 2.4092256701e+04
2.517547e-02 2.4025701815e+04
2.531000e-02 2.3957966286e+04
2.544468e-02 2.3890683755e+04
2.557952e-02 2.3823057434e+04
2.571451e-02 2.3753591542e+04
2.584968e-02 2.3684700910e+04
2.598501e-02 2.3615212716e+04
2.612051e-02 2.3546411172e+04
2.625619e-02 2.3476144158e+04
2.639205e-02 2.3404291354e+04
2.652809e-02 2.3333315857e+04
2.666432e-02 2.3261470312e+04
2.680075e-02 2.3189760645e+04
2.693737e-02 2.3117628262e+04
2.707419e-02 2.3046090828e+04
2.721122e-02 2.2972555647e+04
2.734846e-02 2.2899760292e+04
2.748591e-02 2.2826573923e+04
2.762359e-02 2.2752846886e+04
2.776149e-02 2.2678719330e+04
2.789963e-02 2.2604075235e+04
2.803800e-02 2.2530398437e+04
2.817661e-02 2.2455620455e+04
2.831547e-02 2.2380662802e+04
2.845459e-02 2.2305544439e+04
2.859396e-02 2.2229732278e+04
2.873361e-02 2.2154503702e+04
2.887352e-02 2.2079231339e+04
2.901371e-02 2.2002582823e+04
2.915419e-02 2.1925381366e+04
2.929496e-02 2.1849605917e+04
2.943604e-02 2.1773202536e+04
2.957742e-02 2.1696141679e+04
2.971911e-02 2.1619992576e+04
2.986113e-02 2.1543145631e+04
3.000347e-02 2.1464666545e+04
3.014616e-02 2.1387467027e+04
3.028919e-02 2.1309233422e+04
3.043258e-02 2.1233261412e+04
3.057633e-02 2.1154771679e+04
3.072046e-02 2.1076534954e+04
3.086497e-02 2.0999023149e+04
3.100987e-02 2.0920540179e+04
3.115517e-02 2.0842229482e+04
3.130089e-02 2.0763693139e+04
3.144703e-02 2.0686485471e+04
3.159361e-02 2.0607967813e+04
3.174063e-02 2.0530326137e+04
3.188811e-02 2.0451407347e+04
3.203606e-02 2.0373536297e+04
3.218450e-02 2.0294723899e+04
3.233343e-02 2.0215876196e+04
3.248286e-02 2.0137542768e+04
3.263282e-02 2.0058812942e+04
3.278331e-02 1.9980307281e+04
3.293436e-02 1.9901141315e+04
3.308597e-02 1.9822720663e+04
3.323816e-02 1.9743496958e+04
3.339095e-02 1.9664876858e+04
3.354435e-02 1.9586333682e+04
3.369839e-02 1.9507165585e+04
3.385307e-02 1.9428073160e+04
3.400842e-02 1.9350162448e+04
3.416446e-02 1.9271221366e+04
3.432120e-02 1.9192511180e+04
3.447867e-02 1.9113869601e+04
3.463689e-02 1.9035030435e+04
3.479588e-02 1.8956048538e+04
3.495566e-02 1.8877373922e+04
3.511626e-02 1.8798477949e+04
3.527770e-02 1.8719917234e+04
3.544000e-02 1.8641102800e+04
3.560320e-02 1.8563111939e+04
3.576732e-02 1.8482993512e+04
3.593239e-02 1.8405574866e+04
3.609844e-02 1.8326555315e+04
3.626550e-02 1.8247607070e+04
3.643361e-02 1.8170101605e+04
3.660279e-02 1.8091033283e+04
3.677308e-02 1.8012878504e+04
3.694453e-02 1.7933838237e+04
3.711716e-02 1.7855267389e+04
3.729101e-02 1.7776811438e+04
3.746614e-02 1.7698713456e+04
3.764258e-02 1.7620247019e+04
3.782037e-02 1.7541516356e+04
3.799958e-02 1.7463708188e+04
3.818024e-02 1.7384016262e+04
3.836240e-02 1.7306408705e+04
3.854613e-02 1.7227793352e+04
3.873149e-02 1.7150283214e+04
3.891852e-02 1.7071840803e+04
3.910730e-02 1.6993149097e+04
3.929789e-02 1.6914560297e+04
3.949037e-02 1.6835961363e+04
3.968480e-02 1.6758356968e+04
3.988127e-02 1.6677970984e+04
4.007985e-02 1.6600506876e+04
4.028064e-02 1.6521258790e+04
4.048373e-02 1.6444621971e+04
4.068921e-02 1.6364757115e+04
4.089718e-02 1.6286133335e+04
4.110777e-02 1.6207973303e+04
4.132107e-02 1.6128188369e+04
4.153723e-02 1.6049786771e+04
4.175636e-02 1.5971040306e+04
4.197860e-02 1.5892015813e+04
4.220411e-02 1.5812025951e+04
4.243305e-02 1.5733814222e+04
4.266558e-02 1.5653752430e+04
4.290188e-02 1.5574148741e+04
4.314215e-02 1.5493036609e+04
4.338661e-02 1.5412366448e+04
4.363547e-02 1.5332902954e+04
4.388897e-02 1.5252099047e+04
4.414739e-02 1.5171701717e+04
4.441099e-02 1.5090546167e+04
4.468009e-02 1.5009032568e+04
4.495502e-02 1.4927398712e+04
4.523613e-02 1.4846071142e+04
4.552383e-02 1.4762423745e+04
4.581853e-02 1.4677884011e+04
4.612072e-02 1.4595815301e+04
4.643089e-02 1.4510436002e+04
4.674963e-02 1.4426962595e+04
4.707756e-02 1.4341472085e+04
4.741536e-02 1.4255853648e+04
4.776380e-02 1.4170305609e+04
4.812374e-02 1.4081660099e+04
4.849613e-02 1.3992647073e+04
4.888203e-02 1.3903190033e+04
4.928265e-02 1.3811625544e+04
4.969935e-02 1.3721605743e+04
5.013365e-02 1.3628459708e+04
5.058733e-02 1.3533946060e+04
5.106236e-02 1.3436641661e+04
5.156107e-02 1.3342282280e+04
5.208611e-02 1.3241383177e+04
5.264057e-02 1.3139518710e+04
5.322804e-02 1.3035575129e+04
5.385277e-02 1.2927199025e+04
5.451974e-02 1.2819941210e+04
5.523485e-02 1.2702651013e+04
5.600515e-02 1.2583853243e+04
5.683904e-02 1.2456935415e+04
5.774658e-02 1.2326516747e+04
5.873979e-02 1.2185061838e+04
5.983301e-02 1.2032282320e+04
6.104308e-02 1.1871045221e+04
6.238940e-02 1.1687267380e+04
6.389348e-02 1.1487550747e+04
6.557754e-02 1.1254976197e+04
6.746195e-02 1.0989614574e+04
6.956104e-02 1.0681991084e+04
7.187830e-02 1.0325018128e+04
7.440272e-02 9.9178838147e+03
7.710901e-02 9.4628270152e+03
7.996249e-02 8.9736172631e+03
8.292633e-02 8.4612662848e+03
8.596783e-02 7.9463341048e+03
8.906134e-02 7.4540389760e+03
9.218849e-02 6.9925677653e+03
9.533690e-02 6.5803245256e+03
9.849853e-02 6.2173593789e+03
1.016683e-01 5.9110643457e+03
1.048431e-01 5.6564263506e+03
1.080209e-01 5.4469448145e+03
1.112005e-01 5.2738243005e+03
1.143813e-01 5.1283722479e+03
1.175628e-01 4.9996619120e+03
1.207447e-01 4.8782335390e+03
1.239268e-01 4.7563541684e+03
1.271091e-01 4.6272197024e+03
1.302915e-01 4.4873979069e+03
1.334739e-01 4.3341405128e+03
1.366564e-01 4.1690272810e+03
1.398389e-01 3.9965165507e+03
1.430214e-01 3.8184737579e+03
1.462039e-01 3.6424795096e+03
1.493864e-01 3.4724538346e+03
1.525689e-01 3.3123095468e+03
1.557515e-01 3.1661476600e+03
1.589340e-01 3.0358102547e+03
1.621165e-01 2.9222310362e+03
1.652990e-01 2.8244797250e+03
1.684816e-01 2.7413704843e+03
1.716641e-01 2.6713848653e+03
1.748466e-01 2.6107831928e+03
1.780291e-01 2.5555903801e+03
1.812117e-01 2.5045450712e+03
1.843942e-01 2.4549704293e+03
1.875767e-01 2.4037367178e+03
1.907592e-01 2.3488622091e+03
1.939418e-01 2.2897388184e+03
1.971243e-01 2.2263587468e+03
2.003068e-01 2.1591621825e+03
2.034893e-01 2.0894954834e+03
2.066719e-01 2.0192567709e+03
2.098544e-01 1.9502439293e+03
2.130369e-01 1.8838225682e+03
2.162194e-01 1.8209900487e+03
2.194020e-01 1.7624051685e+03
2.225845e-01 1.7090217279e+03
2.257670e-01 1.6610235484e+03
2.289495e-01 1.6178958051e+03
2.321321e-01 1.5797065745e+03
2.353146e-01 1.5456507575e+03
2.384971e-01 1.5143630348e+03
2.416796e-01 1.4855183405e+03
2.448622e-01 1.4582431380e+03
2.480447e-01 1.4312126872e+03
2.512272e-01 1.4035581114e+03
2.544097e-01 1.3754122507e+03
2.575923e-01 1.3461868658e+03
2.607748e-01 1.3159029139e+03
2.639573e-01 1.2846939538e+03
2.671398e-01 1.2530421347e+03
2.703224e-01 1.2213574728e+03
2.735049e-01 1.1899646197e+03
2.766874e-01 1.1592536812e+03
2.798699e-01 1.1299639397e+03
2.830525e-01 1.1020623703e+03
2.862350e-01 1.0759884707e+03
2.894175e-01 1.0518654228e+03
2.926000e-01 1.0295029474e+03
2.957826e-01 1.0087978549e+03
2.989651e-01 9.8951475332e+02
3.021476e-01 9.7133612307e+02
3.053301e-01 9.5387206319e+02
3.085127e-01 9.3720989148e+02
3.116952e-01 9.2099598327e+02
3.148777e-01 9.0465057239e+02
3.180602e-01 8.8843336908e+02
3.212428e-01 8.7213684369e+02
3.244253e-01 8.5560254808e+02
3.276078e-01 8.3887377332e+02
3.307903e-01 8.2215095399e+02
3.339729e-01 8.0560250211e+02
3.371554e-01 7.8937754398e+02
3.403379e-01 7.7348087806e+02
3.435204e-01 7.5807441193e+02
3.467030e-01 7.4305700629e+02
3.498855e-01 7.2870578225e+02
3.530680e-01 7.1515858398e+02
3.562505e-01 7.0193992381e+02
3.594331e-01 6.8950635192e+02
3.626156e-01 6.7762366438e+02
3.657981e-01 6.6626848259e+02
3.689806e-01 6.5546546629e+02
3.721632e-01 6.4477308979e+02
3.753457e-01 6.3439863969e+02
3.785282e-01 6.2425301314e+02
3.817107e-01 6.1431064617e+02
3.848933e-01 6.0435580999e+02
3.880758e-01 5.9450826796e+02
3.912583e-01 5.8469608144e+02
3.944408e-01 5.7506483045e+02
3.976234e-01 5.6546887974e+02
4.008059e-01 5.5594739263e+02
4.039884e-01 5.4660982986e+02
4.071709e-01 5.3732839136e+02
4.103535e-01 5.2841600325e+02
4.135360e-01 5.1969512371e+02
4.167185e-01 5.1129296262e+02
4.199010e-01 5.0316670744e+02
4.230836e-01 4.9531202118e+02
4.262661e-01 4.8771322519e+02
4.294486e-01 4.8034924973e+02
4.326311e-01 4.7324147916e+02
4.358137e-01 4.6629913338e+02
4.389962e-01 4.5952380481e+02
4.421787e-01 4.5289165121e+02
4.453612e-01 4.4635161355e+02
4.485438e-01 4.3993477995e+02
4.517263e-01 4.3366223972e+02
4.549088e-01 4.2734321353e+02
4.580913e-01 4.2111440806e+02
4.612739e-01 4.1498056926e+02
4.644564e-01 4.0884374986e+02
4.676389e-01 4.0290895637e+02
4.708214e-01 3.9708910218e+02
4.740040e-01 3.9139252150e+02
4.771865e-01 3.8582674481e+02
4.803690e-01 3.8036232293e+02
4.835515e-01 3.7503864848e+02
4.867341e-01 3.6984057556e+02
4.899166e-01 3.6478064942e+02
4.930991e-01 3.5984218376e+02
4.962817e-01 3.5501582596e+02
4.994642e-01 3.5028903928e+02
5.026467e-01 3.4564892254e+02
5.058292e-01 3.4110021493e+02
5.090118e-01 3.3660709560e+02
5.121943e-01 3.3221647836e+02
5.153768e-01 3.2788789974e+02
5.185593e-01 3.2362486150e+02
5.217419e-01 3.1944849410e+02
5.249244e-01 3.1532028588e+02
5.281069e-01 3.1125367841e+02
5.312894e-01 3.0725226372e+02
5.344720e-01 3.0331292597e+02
5.376545e-01 2.9943137105e+02
5.408370e-01 2.9564716423e+02
5.440195e-01 2.9191944585e+02
5.472021e-01 2.8826001891e+02
5.503846e-01 2.8467578327e+02
5.535671e-01 2.8115550719e+02
5.567496e-01 2.7769681787e+02
5.599322e-01 2.7430817774e+02
5.631147e-01 2.7098444507e+02
5.662972e-01 2.6772516632e+02
5.694797e-01 2.6452570331e+02
5.726623e-01 2.6138230051e+02
5.758448e-01 2.5828384542e+02
5.790273e-01 2.5521352271e+02
5.822098e-01 2.5220543100e+02
5.853924e-01 2.4924219363e+02
5.885749e-01 2.4632235207e+02
5.917574e-01 2.4345136373e+02
5.949399e-01 2.4062415013e+02
5.981225e-01 2.3785850191e+02
6.013050e-01 2.3512011718e+02
6.044875e-01 2.3242193377e+02
6.076700e-01 2.2976466572e+02
6.108526e-01 2.2714700288e+02
6.140351e-01 2.2457822859e+02
6.172176e-01 2.2205501642e+02
6.204001e-01 2.1957479590e+02
6.235827e-01 2.1713619443e+02
6.267652e-01 2.1473331526e+02
6.299477e-01 2.1236768079e+02
6.331302e-01 2.1003595939e+02
6.363128e-01 2.0774067649e+02
6.394953e-01 2.0548194594e+02
6.426778e-01 2.0326012948e+02
6.458603e-01 2.0107210388e+02
6.490429e-01 1.9891780377e+02
6.522254e-01 1.9679152976e+02
6.554079e-01 1.9469380909e+02
6.585904e-01 1.9262411060e+02
6.617730e-01 1.9058453540e+02
6.649555e-01 1.8857762133e+02
6.681380e-01 1.8660021283e+02
6.713205e-01 1.8465357982e+02
6.745031e-01 1.8273543113e+02
6.776856e-01 1.8084477381e+02
6.808681e-01 1.7898005212e+02
6.840506e-01 1.7713952690e+02
6.872332e-01 1.7532600033e+02
7.374031e-01 1.4991817160e+02
8.031626e-01 1.2379136957e+02
8.968279e-01 9.6411783858e+01
1.043810e+00 6.8047910148e+01
1.279541e+00 4.2311703710e+01
1.607182e+00 2.4622423886e+01
2.023242e+00 1.4120448473e+01
2.547110e+00 8.0301543751e+00
3.206622e+00 4.5311685535e+00
4.036898e+00 2.5396853437e+00
5.082153e+00 1.4147005934e+00
6.398052e+00 7.8359980881e-01
8.054670e+00 4.3169971887e-01
1.014023e+01 2.3679424160e-01
