 # k (h Mpc^{-1})     P(k) h^{3} Mpc^{-3}  | DOVE WDM 1.5kev, made by APC; no meaningful normalization [P(k=0.1 h Mpc^-1) scaled to match pk_MillGas_norm]
  7.102267e-06 4.184092e+01
  7.102267e-05 3.877941e+02
  9.912016e-05 5.352149e+02
  1.383331e-04 7.385743e+02
  1.930599e-04 1.018953e+03
  2.694369e-04 1.405077e+03
  3.760287e-04 1.935781e+03
  5.247905e-04 2.662669e+03
  7.324045e-04 3.652542e+03
  1.022151e-03 4.988847e+03
  1.426530e-03 6.769120e+03
  1.990880e-03 9.093565e+03
  2.778497e-03 1.203935e+04
  3.877707e-03 1.561206e+04
  4.214703e-03 1.659133e+04
  4.580965e-03 1.759811e+04
  4.979079e-03 1.862701e+04
  5.411778e-03 1.967166e+04
  5.882095e-03 2.072421e+04
  6.393255e-03 2.177579e+04
  6.948867e-03 2.281518e+04
  7.552748e-03 2.383082e+04
  8.209109e-03 2.480812e+04
  8.922530e-03 2.573113e+04
  9.697929e-03 2.658280e+04
  1.054069e-02 2.734379e+04
  1.145671e-02 2.799243e+04
  1.245240e-02 2.850745e+04
  1.353449e-02 2.886511e+04
  1.471069e-02 2.904284e+04
  1.598921e-02 2.901937e+04
  1.737869e-02 2.877502e+04
  1.888900e-02 2.829622e+04
  2.053052e-02 2.757510e+04
  2.231470e-02 2.661526e+04
  2.425392e-02 2.543058e+04
  2.636167e-02 2.405186e+04
  2.865260e-02 2.252382e+04
  3.114261e-02 2.090761e+04
  3.384909e-02 1.924622e+04
  3.679070e-02 1.763622e+04
  3.998794e-02 1.616535e+04
  4.346313e-02 1.488712e+04
  4.724023e-02 1.381920e+04
  5.134545e-02 1.294667e+04
  5.580768e-02 1.222443e+04
  6.054245e-02 1.157054e+04
  6.527742e-02 1.088960e+04
  7.001224e-02 1.011860e+04
  7.474704e-02 9.265933e+03
  7.948186e-02 8.370406e+03
  8.421685e-02 7.499902e+03
  8.895165e-02 6.725685e+03
  9.368650e-02 6.089255e+03
  9.842128e-02 5.601490e+03
  1.031559e-01 5.249559e+03
  1.078909e-01 5.001944e+03
  1.126261e-01 4.816799e+03
  1.173611e-01 4.650783e+03
  1.220959e-01 4.470555e+03
  1.268300e-01 4.258038e+03
  1.315649e-01 4.009464e+03
  1.363000e-01 3.735347e+03
  1.410350e-01 3.455719e+03
  1.457699e-01 3.191410e+03
  1.505050e-01 2.959972e+03
  1.552391e-01 2.772000e+03
  1.599739e-01 2.627869e+03
  1.647089e-01 2.520020e+03
  1.694439e-01 2.437228e+03
  1.741791e-01 2.367287e+03
  1.789139e-01 2.298839e+03
  1.836492e-01 2.222516e+03
  1.883831e-01 2.133610e+03
  1.931181e-01 2.033350e+03
  1.978532e-01 1.926583e+03
  2.025881e-01 1.819702e+03
  2.073228e-01 1.719078e+03
  2.156150e-01 1.571480e+03
  2.242379e-01 1.462574e+03
  2.332062e-01 1.382233e+03
  2.425342e-01 1.307576e+03
  2.522342e-01 1.219354e+03
  2.623222e-01 1.118021e+03
  2.728130e-01 1.019649e+03
  2.837240e-01 9.400940e+02
  2.950720e-01 8.786164e+02
  3.068732e-01 8.215305e+02
  3.191457e-01 7.589831e+02
  3.319097e-01 6.948682e+02
  3.451851e-01 6.389977e+02
  3.589914e-01 5.928851e+02
  3.733490e-01 5.495191e+02
  3.882809e-01 5.052412e+02
  4.038099e-01 4.637757e+02
  4.199601e-01 4.278951e+02
  5.244668e-01 2.661829e+02
  6.549784e-01 1.631455e+02
  8.179693e-01 9.864725e+01
  1.021520e+00 5.889222e+01
  1.275731e+00 3.472169e+01
  1.593192e+00 2.021029e+01
  1.989651e+00 1.159931e+01
  2.484769e+00 6.547926e+00
  3.103109e+00 3.619928e+00
  3.875306e+00 1.945930e+00
  4.839684e+00 1.005768e+00
  6.044035e+00 4.912503e-01
  7.548071e+00 2.209451e-01
  9.426403e+00 8.812736e-02
  1.177221e+01 2.958922e-02
  1.470161e+01 7.816096e-03
  1.836010e+01 1.499856e-03
  2.292899e+01 1.928413e-04
  2.863492e+01 1.558225e-05
  3.576070e+01 7.694132e-07
  4.465972e+01 2.362407e-08
  5.577326e+01 4.774637e-10
  6.965223e+01 6.871693e-12
  8.698513e+01 7.636529e-14
  1.086311e+02 7.033416e-16
  1.356641e+02 5.671861e-18
  1.694240e+02 4.166240e-20
  2.115851e+02 2.861670e-22
