GALEX	FUV	14.0	0.0133056575	0.00940852053	1	5	
GALEX	FUV	14.5	0.0133056575	0.00940852053	1	5	
GALEX	FUV	15.0	0.0199584868	0.0115230372	1	5	
GALEX	FUV	15.5	0.0266113151	0.0133056575	1	5	
GALEX	FUV	16.0	0.0731811151	0.0220649373	1	5	
GALEX	FUV	16.5	0.0864867792	0.0239871163	1	5	
GALEX	FUV	17.0	0.192932039	0.0358265787	1	5	
GALEX	FUV	17.5	0.4856565	0.0568417944	1	5	
GALEX	FUV	18.0	0.918090403	0.078153044	1	5	
GALEX	FUV	18.5	1.78295815	0.108911499	1	5	
GALEX	FUV	19.0	3.29980326	0.148165539	1	5	
GALEX	FUV	19.5	7.12517977	0.217721373	1	5	
GALEX	FUV	20.0	14.6628351	0.312328875	1	5	
GALEX	FUV	20.5	27.3896961	0.426871151	1	5	
GALEX	FUV	21.0	51.3997574	0.584768116	1	5	
GALEX	FUV	21.5	88.1899033	0.765971482	1	5	
GALEX	FUV	18.5	0.978473604	0.978473604	2	11	
GALEX	FUV	19.0	2.93542099	1.69476604	2	11	
GALEX	FUV	19.5	10.7632103	3.24522996	2	11	
GALEX	FUV	20.0	9.78473663	3.09420538	2	11	
GALEX	FUV	20.5	20.5479469	4.48392963	2	11	
GALEX	FUV	21.0	68.4931564	8.18649769	2	11	
GALEX	FUV	21.5	117.416832	10.7186422	2	11	
GALEX	FUV	22.0	212.328781	14.4138165	2	11	
GALEX	FUV	22.5	397.260284	19.7156963	2	11	
GALEX	FUV	23.0	668.297485	25.5716915	2	11	
GALEX	FUV	23.5	1213.30725	34.4556122	2	11	
HST	ACS/SBC	24.5	2559.5	545.687	3	14	
HST	ACS/SBC	25.2	5283.5	796.518	3	14	
HST	ACS/SBC	26.5	10963.5	1241.37	3	14	
HST	ACS/SBC	27.5	18763.5	2000.2	3	14	
HST	ACS/SBC	28.5	21793.0	3022.15	3	14	
GALEX	NUV	13.0	0.00640758639	0.00640758639	1	5	
GALEX	NUV	13.5	0.00640758639	0.00640758639	1	5	
GALEX	NUV	14.0	0.0192227587	0.0110982647	1	5	
GALEX	NUV	14.5	0.0256303456	0.0128151728	1	5	
GALEX	NUV	15.0	0.0256303456	0.0128151728	1	5	
GALEX	NUV	15.5	0.0704834536	0.0212515611	1	5	
GALEX	NUV	16.0	0.0576682799	0.0192227587	1	5	
GALEX	NUV	16.5	0.230673119	0.0384455174	1	5	
GALEX	NUV	17.0	0.448531061	0.0536097139	1	5	
GALEX	NUV	17.5	0.916284859	0.0766235888	1	5	
GALEX	NUV	18.0	1.70441806	0.104504578	1	5	
GALEX	NUV	18.5	3.38320565	0.147235125	1	5	
GALEX	NUV	19.0	7.33027887	0.216724247	1	5	
GALEX	NUV	19.5	14.7438564	0.307363838	1	5	
GALEX	NUV	20.0	32.2237511	0.454396844	1	5	
GALEX	NUV	20.5	64.9857407	0.645291984	1	5	
GALEX	NUV	21.0	129.260239	0.910080373	1	5	
GALEX	NUV	18.5	2.93542099	1.69476604	2	11	
GALEX	NUV	19.0	7.82778883	2.76754141	2	11	
GALEX	NUV	19.5	17.6125259	4.15131187	2	11	
GALEX	NUV	20.0	25.4403133	4.98925591	2	11	
GALEX	NUV	20.5	70.4501038	8.30262375	2	11	
GALEX	NUV	21.0	147.749512	12.0236855	2	11	
GALEX	NUV	21.5	254.403137	15.7774134	2	11	
GALEX	NUV	22.0	579.256409	23.807291	2	11	
GALEX	NUV	22.5	1004.8924	31.3569889	2	11	
GALEX	NUV	23.0	1946.18408	43.6381683	2	11	
GALEX	NUV	23.5	3466.73193	58.2417908	2	11	
GALEX	NUV	24.0	5401.17432	72.6973572	2	11	
HST	F225W	21.75	455.681	172.231	3	17	
HST	F225W	22.25	781.168	225.504	3	17	
HST	F225W	22.75	1627.433	325.487	3	17	
HST	F225W	23.25	3319.964	464.888	3	17	
HST	F225W	23.75	5012.495	571.227	3	17	
HST	F225W	24.25	10675.964	833.653	3	17	
HST	F225W	24.75	14777.096	980.79	3	17	
HST	F225W	25.25	19529.201	1127.519	3	17	
HST	F237W	23.25	1782.18	1260.19	4	21	
HST	F237W	23.75	6237.62	2357.6	4	21	
HST	F237W	24.25	5346.54	2182.71	4	21	
HST	F237W	24.75	14257.4	3564.36	4	21	
HST	F237W	25.25	16930.7	3884.17	4	21	
HST	F237W	25.75	25841.6	4798.66	4	21	
HST	F237W	26.25	43663.4	6237.62	4	21	
HST	F237W	26.75	70396.0	7920.17	4	21	
HST	STIS	23.75	4666.27	2086.82	5	21	
HST	STIS	25.0	13151.3	4158.82	5	21	
HST	STIS	25.75	20843.5	7369.28	5	21	
HST	STIS	26.25	43548.2	10562.0	5	21	
HST	STIS	26.75	79244.7	14468.0	5	21	
HST	STIS	27.25	46662.7	11317.4	5	21	
HST	STIS	27.75	67448.1	15081.9	5	21	
HST	STIS	28.25	42556.9	19032.0	5	21	
HST	STIS	28.75	69019.2	48804.0	5	21	
HST	F225W	23.0	2958.90527	1207.96802	6	21	
HST	F225W	23.5	3945.20703	1394.84131	6	21	
HST	F225W	24.0	6410.96143	1778.08069	6	21	
HST	F225W	24.5	6904.1123	1845.20166	6	21	
HST	F225W	25.0	12328.7715	2465.75439	6	21	
HST	F225W	25.5	14301.375	2655.69873	6	21	
HST	F225W	26.0	27616.4492	3690.40332	6	21	
HST	F225W	26.5	38958.918	4383.2207	6	21	
HST	F225W	27.0	44876.7305	4704.35986	6	21	
HST	F225W	27.5	72493.1797	5979.13623	6	21	
HST	F225W	28.0	82849.3438	6391.96582	6	21	
HST	F225W	28.5	110465.797	7380.80664	6	21	
SDSS	u	12.0	0.00559043372	0.00559043372	1	5	
SDSS	u	12.5	0.0111808674	0.00790606719	1	5	
SDSS	u	13.0	0.0391330346	0.0147908973	1	5	
SDSS	u	13.5	0.0503139049	0.0167713016	1	5	
SDSS	u	14.0	0.0391330346	0.0147908973	1	5	
SDSS	u	14.5	0.0670852065	0.0193658303	1	5	
SDSS	u	15.0	0.145351276	0.0285057314	1	5	
SDSS	u	15.5	0.195665181	0.0330734514	1	5	
SDSS	u	16.0	0.575814664	0.056736704	1	5	
SDSS	u	16.5	1.02863979	0.0758323297	1	5	
SDSS	u	17.0	1.82248139	0.100937903	1	5	
SDSS	u	17.5	3.2033186	0.133820549	1	5	
SDSS	u	18.0	6.61907339	0.192362919	1	5	
SDSS	u	18.5	12.9306726	0.268864423	1	5	
SDSS	u	19.0	24.7544403	0.372005463	1	5	
SDSS	u	19.5	46.7360268	0.511150301	1	5	
SDSS	u	20.0	87.6412277	0.699966013	1	5	
SDSS	u	20.5	158.572647	0.94153589	1	5	
CFHT	u	17.5	3.91389441	1.95694721	2	11	
CFHT	u	18.0	7.82778883	2.76754141	2	11	
CFHT	u	18.5	17.6125259	4.15131187	2	11	
CFHT	u	19.0	36.2035255	5.95182276	2	11	
CFHT	u	19.5	60.6653633	7.70450878	2	11	
CFHT	u	20.0	108.610573	10.3088598	2	11	
CFHT	u	20.5	187.866943	13.5581284	2	11	
CFHT	u	21.0	363.992188	18.8721161	2	11	
CFHT	u	21.5	593.933472	24.1070156	2	11	
CFHT	u	22.0	1016.63409	31.5396538	2	11	
CFHT	u	22.5	1789.6283	41.8461952	2	11	
CFHT	u	23.0	3272.99438	56.5909767	2	11	
CFHT	u	23.5	6123.28809	77.4046249	2	11	
CFHT	u	24.0	10678.083	102.216545	2	11	
CFHT	u	24.5	17165.3633	129.598831	2	11	
CFHT	u	25.0	24578.2793	155.078033	2	11	
HST	F336W	20.25	232.7	73.5	3	17	
HST	F336W	21.75	488.693	106.6	3	17	
HST	F336W	22.75	1954.773	369.417	3	17	
HST	F336W	23.25	3839.732	517.749	3	17	
HST	F336W	23.75	7330.397	715.374	3	17	
HST	F336W	24.25	11589.009	899.482	3	17	
HST	F336W	22.75	3564.36	1782.18	4	21	
HST	F336W	23.25	5346.54	2182.71	4	21	
HST	F336W	23.75	8910.89	2817.87	4	21	
HST	F336W	24.25	13366.3	3451.17	4	21	
HST	F336W	24.75	25841.6	4798.66	4	21	
HST	F336W	25.25	31188.1	5271.75	4	21	
HST	F336W	25.75	63267.3	7508.45	4	21	
HST	F336W	26.25	57029.7	7128.71	4	21	
HST	F336W	26.75	81980.2	8547.03	4	21	
HST	F336W	27.25	132772.0	10877.1	4	21	
HST	F336W	27.75	144356.0	11341.7	4	21	
LBT	U360	20.43	128.224	94.0914	5	3	
LBT	U360	20.68	152.395	102.271	5	3	
LBT	U360	20.93	164.426	106.575	5	3	
LBT	U360	21.18	389.018	163.021	5	3	
LBT	U360	21.43	489.745	183.185	5	3	
LBT	U360	21.68	633.826	209.451	5	3	
LBT	U360	21.93	866.902	242.196	5	3	
LBT	U360	22.18	1119.36	276.911	5	3	
LBT	U360	22.43	1592.1	330.86	5	3	
LBT	U360	22.68	2259.28	395.142	5	3	
LBT	U360	22.93	3026.7	456.428	5	3	
LBT	U360	23.18	4101.76	773.19	5	3	
LBT	U360	23.43	6294.63	949.232	5	3	
LBT	U360	23.68	7761.94	1068.25	5	3	
LBT	U360	23.93	10232.2	1222.12	5	3	
LBT	U360	24.18	14157.0	1437.49	5	3	
LBT	U360	24.43	18195.8	1618.15	5	3	
LBT	U360	24.68	21476.8	1748.94	5	3	
LBT	U360	24.93	25175.0	1925.01	5	3	
LBT	U360	25.18	31475.3	2096.13	5	3	
LBT	U360	25.43	36641.2	2350.28	5	3	
LBT	U360	25.68	44052.4	2610.27	5	3	
LBT	U360	25.93	51876.4	2947.49	5	3	
LBT	U360	26.18	60251.8	3130.8	5	3	
LBT	U360	26.43	68229.2	3380.24	5	3	
LBT	U360	26.68	79062.4	3726.1	5	3	
LBT	U360	26.93	92676.6	4367.71	5	3	
LBT	U360	27.18	109640.0	5167.19	5	3	
LBT	U360	27.43	134887.0	6032.17	5	3	
LBT	U360	27.68	147221.0	14575.7	5	3	
LBT	U360	27.93	156304.0	26493.4	5	3	
HST	F336W	21.0	986.301758	697.420654	6	21
HST	F336W	22.0	986.301758	697.420654	6	21
HST	F336W	22.5	1972.60352	986.301758	6	21
HST	F336W	23.0	5917.81055	1708.32471	6	21
HST	F336W	23.5	4438.35791	1479.45264	6	21
HST	F336W	24.0	8876.71582	2092.26196	6	21
HST	F336W	24.5	13315.0732	2562.48706	6	21
HST	F336W	25.0	22191.7891	3308.15649	6	21
HST	F336W	25.5	34520.5625	4125.99609	6	21
HST	F336W	26.0	45863.0312	4755.7749	6	21
HST	F336W	26.5	60657.5586	5469.30762	6	21
HST	F336W	27.0	69041.125	5835.04004	6	21
HST	F336W	27.5	93205.5156	6779.70361	6	21
HST	F336W	28.0	139561.703	8296.08105	6	21
SDSS	g	11.0	0.0111808674	0.00790606719	1	5 
SDSS	g	11.5	0.0111808674	0.00790606719	1	5 
SDSS	g	12.0	0.0167713016	0.00968291517	1	5 
SDSS	g	12.5	0.0335426033	0.0136937108	1	5 
SDSS	g	13.0	0.0391330346	0.0147908973	1	5 
SDSS	g	13.5	0.10062781	0.0237182006	1	5 
SDSS	g	14.0	0.218026906	0.0349122472	1	5 
SDSS	g	14.5	0.368968636	0.045416899	1	5 
SDSS	g	15.0	0.771479845	0.0656727254	1	5 
SDSS	g	15.5	1.4870553	0.0911772177	1	5 
SDSS	g	16.0	2.42624831	0.116463639	1	5 
SDSS	g	16.5	4.79659224	0.163752958	1	5 
SDSS	g	17.0	8.98941708	0.224175707	1	5 
SDSS	g	17.5	16.8998814	0.307372183	1	5 
SDSS	g	18.0	31.9046059	0.422327548	1	5 
SDSS	g	18.5	55.0769539	0.55489099	1	5 
SDSS	g	19.0	93.3322906	0.7223351	1	5 
SDSS	g	19.5	156.750168	0.936109722	1	5 
Subaru	g	18.0	29.354208	5.35932112	2	11
Subaru	g	18.5	60.6653633	7.70450878	2	11
Subaru	g	19.0	90.9980469	9.43605804	2	11
Subaru	g	19.5	166.340515	12.7577353	2	11
Subaru	g	20.0	262.230927	16.0183029	2	11
Subaru	g	20.5	450.09787	20.9859219	2	11
Subaru	g	21.0	738.747559	26.8857765	2	11
Subaru	g	21.5	1060.66541	32.2154198	2	11
Subaru	g	22.0	1805.28381	42.0288315	2	11
Subaru	g	22.5	2766.14502	52.0249939	2	11
Subaru	g	23.0	4575.34277	66.9092865	2	11
Subaru	g	23.5	8286.69336	90.0461578	2	11
Subaru	g	24.0	14286.6934	118.233467	2	11
Subaru	g	24.5	23356.166	151.173386	2	11
HST	F435W	18.25	49.709	28.7	3	17	
HST	F435W	19.75	165.7	52.4	3	17	
HST	F435W	21.25	911.3	122.9	3	17	
HST	F435W	22.25	1391.848	263.035	3	17	
HST	F435W	22.75	3032.24	388.239	3	17	
HST	F435W	23.25	5269.139	511.784	3	17	
HST	F435W	23.75	10240.024	713.456	3	17	
HST	F435W	24.25	18740.238	965.171	3	17	
HST	F435W	24.75	29676.188	1214.566	3	17	
HST	F435W	25.25	45732.148	1507.744	3	17	
HST	F435W	25.75	56320.133	1673.203	3	17	
HST	F435W	26.25	72475.516	1898.071	3	17	
HST	F435W	26.75	82715.539	2027.731	3	17	
HST	F435W	22.25	1782.18	1260.19	4	21	
HST	F435W	22.75	1782.18	1260.19	4	21	
HST	F435W	23.25	5346.54	2182.71	4	21	
HST	F435W	23.75	17821.8	3985.07	4	21	
HST	F435W	24.25	17821.8	3985.07	4	21	
HST	F435W	24.75	32079.2	5346.54	4	21	
HST	F435W	25.25	47227.7	6487.23	4	21	
HST	F435W	25.75	65940.6	7665.44	4	21	
HST	F435W	26.25	81089.1	8500.45	4	21	
HST	F435W	26.75	106040.0	9720.64	4	21	
HST	F435W	27.25	145248.0	11376.7	4	21	
HST	F435W	27.75	196931.0	13247.0	4	21	
HST	F435W	28.25	229901.0	14313.0	4	21	
HST	F435W	28.75	336832.0	17324.8	4	21	
HST	F435W	20.5	631.579102	446.593842	6	21	
HST	F435W	21.0	947.368591	546.963501	6	21	
HST	F435W	21.5	631.579102	446.593842	6	21	
HST	F435W	22.0	2210.52686	835.500549	6	21	
HST	F435W	22.5	3789.47437	1093.927	6	21	
HST	F435W	23.0	3157.89526	998.614197	6	21	
HST	F435W	23.5	4736.84326	1223.04761	6	21	
HST	F435W	24.0	12315.792	1972.10498	6	21	
HST	F435W	24.5	19263.1621	2466.39526	6	21	
HST	F435W	25.0	27789.4785	2962.36841	6	21	
HST	F435W	25.5	41052.6406	3600.55469	6	21	
HST	F435W	26.0	58736.8555	4306.79492	6	21	
HST	F435W	26.5	74526.3281	4851.25098	6	21	
HST	F435W	27.0	105157.914	5762.61816	6	21	
HST	F435W	27.5	147157.922	6816.95898	6	21	
HST	F435W	28.0	190736.875	7760.97363	6	21	
HST	F435W	28.5	266842.156	9179.64941	6	21	
HST	F435W	29.0	337579.031	10324.917	6	21	
HST	F435W	29.5	388736.906	11079.668	6	21	
SDSS	r	10.0	0.0111808674	0.00790606719	1	5	
SDSS	r	10.5	0.00559043372	0.00559043372	1	5	
SDSS	r	11.0	0.0111808674	0.00790606719	1	5	
SDSS	r	11.5	0.0335426033	0.0136937108	1	5	
SDSS	r	12.0	0.00559043372	0.00559043372	1	5	
SDSS	r	12.5	0.0559043363	0.0176785029	1	5	
SDSS	r	13.0	0.0838565081	0.0216516573	1	5	
SDSS	r	13.5	0.240388647	0.0366589241	1	5	
SDSS	r	14.0	0.419282526	0.0484145768	1	5	
SDSS	r	14.5	1.00627804	0.0750035346	1	5	
SDSS	r	15.0	1.83366227	0.101247065	1	5	
SDSS	r	15.5	3.10828114	0.131820485	1	5	
SDSS	r	16.0	6.32837105	0.188091293	1	5	
SDSS	r	16.5	12.4331245	0.26364097	1	5	
SDSS	r	17.0	24.3239765	0.368756801	1	5	
SDSS	r	17.5	44.7066994	0.499929845	1	5	
SDSS	r	18.0	81.6874161	0.67577219	1	5	
SDSS	r	18.5	145.558121	0.902071536	1	5	
SDSS	r	19.0	250.423477	1.18320584	1	5	
SDSS	r	19.5	403.741119	1.50236082	1	5	
Subaru	r	15.0	3.91389441	1.95694721	2	11	
Subaru	r	15.5	7.82778883	2.76754141	2	11	
Subaru	r	16.0	7.82778883	2.76754141	2	11	
Subaru	r	16.5	21.5264206	4.58944798	2	11	
Subaru	r	17.0	26.418787	5.08429766	2	11	
Subaru	r	17.5	42.0743675	6.41628027	2	11	
Subaru	r	18.0	90.019577	9.38519001	2	11	
Subaru	r	18.5	132.093933	11.3688364	2	11	
Subaru	r	19.0	270.058716	16.2556248	2	11	
Subaru	r	19.5	507.82782	22.2911682	2	11	
Subaru	r	20.0	700.587097	26.1821709	2	11	
Subaru	r	20.5	1159.49121	33.6828079	2	11	
Subaru	r	21.0	1677.10376	40.5092812	2	11	
Subaru	r	21.5	2450.0979	48.9628067	2	11	
Subaru	r	22.0	3650.68506	59.7670403	2	11	
Subaru	r	22.5	5606.65381	74.0672836	2	11	
Subaru	r	23.0	8600.7832	91.7367935	2	11	
Subaru	r	23.5	13514.6777	114.994591	2	11	
Subaru	r	24.0	20815.0703	142.712982	2	11	
Subaru	r	24.5	31343.4453	175.124908	2	11	
Subaru	r	25.0	31091.9785	174.42099	2	11	
HST	F606W	17.75	45.5	26.3	3	17	
HST	F606W	18.75	227.39	101.692	3	17	
HST	F606W	19.25	318.347	120.324	3	17	
HST	F606W	19.75	454.781	143.814	3	17	
HST	F606W	20.25	454.781	143.814	3	17	
HST	F606W	20.75	1045.996	218.105	3	17
HST	F606W	21.25	1409.821	253.211	3	17
HST	F606W	21.75	2137.47	311.782	3	17	
HST	F606W	22.25	3911.116	421.746	3	17	
HST	F606W	22.75	5730.239	510.49	3	17	
HST	F606W	23.25	9914.224	671.476	3	17	
HST	F606W	23.75	16099.244	855.665	3	17	
HST	F606W	24.25	25967.99	1086.727	3	17	
HST	F606W	24.75	40339.066	1354.453	3	17	
HST	F606W	25.25	57620.742	1618.79	3	17	
HST	F606W	25.75	76630.586	1866.819	3	17	
HST	F606W	26.25	97095.727	2101.363	3	17	
HST	F606W	26.75	112012.539	2257.015	3	17	
HST	F606W	20.9	1500.1	400.9	4	21	
HST	F606W	21.9	3214.40063	1016.48273	4	21	
HST	F606W	22.4	4821.60107	1244.93201	4	21	
HST	F606W	22.9	5464.48096	1325.3313	4	21	
HST	F606W	23.4	6107.36133	1401.12476	4	21	
HST	F606W	23.9	10607.5215	1846.53259	4	21	
HST	F606W	24.4	20250.7227	2551.35132	4	21	
HST	F606W	24.9	27643.8457	2980.9126	4	21	
HST	F606W	25.4	41465.7656	3650.85718	4	21	
HST	F606W	25.9	60752.1719	4419.07031	4	21	
HST	F606W	26.4	78431.375	5021.0542	4	21	
HST	F606W	26.9	102860.82	5750.09473	4	21	
HST	F606W	27.4	130826.102	6484.80908	4	21	
HST	F606W	27.9	166827.391	7322.91016	4	21	
HST	F606W	28.4	221150.766	8431.29395	4	21	
HST	F606W	28.9	264866.594	9227.06543	4	21	
HST	F606W	29.4	324333.031	10210.4668	4	21	
HST	F606W	29.9	358405.656	10733.4033	4	21	
HST	F606W	21.4	2673.27	1543.41	5	21	
HST	F606W	21.9	3564.36	1782.18	5	21	
HST	F606W	22.4	2673.27	1543.41	5	21	
HST	F606W	22.9	9801.98	2955.41	5	21	
HST	F606W	23.4	13366.3	3451.17	5	21	
HST	F606W	23.9	15148.5	3674.05	5	21	
HST	F606W	24.4	24059.4	4630.23	5	21	
HST	F606W	24.9	38316.8	5843.26	5	21	
HST	F606W	25.4	52574.3	6844.59	5	21	
HST	F606W	25.9	86435.6	8776.21	5	21	
HST	F606W	26.4	80198.0	8453.61	5	21	
HST	F606W	26.9	137228.0	11058.1	5	21	
HST	F606W	27.4	160396.0	11955.2	5	21	
HST	F606W	27.9	223663.0	14117.5	5	21	
HST	F606W	28.4	286040.0	15965.2	5	21	
HST	F606W	28.9	363564.0	17999.1	5	21	
HST	F606W	29.4	453564.0	20103.9	5	21	
HST	F606W	29.9	493663.0	20973.7	5	21	
HST	F606W	20.5	1263.1582	631.579102	6	21	
HST	F606W	21.0	1578.94763	706.126892	6	21	
HST	F606W	21.5	2526.31641	893.187683	6	21	
HST	F606W	22.0	3473.68481	1047.35547	6	21	
HST	F606W	22.5	5052.63281	1263.1582	6	21	
HST	F606W	23.0	5684.21191	1339.78149	6	21	
HST	F606W	23.5	10105.2656	1786.37537	6	21	
HST	F606W	24.0	16105.2666	2255.18848	6	21	
HST	F606W	24.5	25894.7422	2859.59595	6	21	
HST	F606W	25.0	34736.8477	3312.02856	6	21	
HST	F606W	25.5	54000.0117	4129.48389	6	21	
HST	F606W	26.0	74210.5391	4840.96191	6	21	
HST	F606W	26.5	102947.391	5701.72852	6	21	
HST	F606W	27.0	135789.5	6548.35107	6	21	
HST	F606W	27.5	168631.609	7297.40381	6	21	
HST	F606W	28.0	237789.516	8665.53223	6	21	
HST	F606W	28.5	318947.438	10035.9482	6	21	
HST	F606W	29.0	426000.094	11598.5508	6	21	
HST	F606W	29.5	489158.0	12428.6357	6	21	
HST	F606W	30.0	450947.469	11933.335	6	21	
SDSS	i	9.5	0.00559043372	0.00559043372	1	5	
SDSS	i	10.0	0.00559043372	0.00559043372	1	5	
SDSS	i	10.5	0.0111808674	0.00790606719	1	5	
SDSS	i	11.0	0.0223617349	0.0111808674	1	5	
SDSS	i	11.5	0.0167713016	0.00968291517	1	5	
SDSS	i	12.0	0.0335426033	0.0136937108	1	5	
SDSS	i	12.5	0.0950373709	0.0230499487	1	5	
SDSS	i	13.0	0.122989543	0.0262214597	1	5	
SDSS	i	13.5	0.380149484	0.0460998975	1	5	
SDSS	i	14.0	0.888878942	0.0704926848	1	5	
SDSS	i	14.5	1.5876832	0.0942116603	1	5	
SDSS	i	15.0	2.73372197	0.123623185	1	5	
SDSS	i	15.5	5.49539614	0.175275922	1	5	
SDSS	i	16.0	10.9628401	0.247562185	1	5	
SDSS	i	16.5	21.5623035	0.347192496	1	5	
SDSS	i	17.0	41.1903152	0.479866356	1	5	
SDSS	i	17.5	76.0690308	0.652118742	1	5	
SDSS	i	18.0	135.573608	0.870583296	1	5	
SDSS	i	18.5	239.740158	1.15769231	1	5	
Subaru	i	16.0	14.677104	3.78961205	2	11	
Subaru	i	16.5	26.418787	5.08429766	2	11	
Subaru	i	17.0	45.9882622	6.70807743	2	11	
Subaru	i	17.5	74.3639984	8.53013515	2	11	
Subaru	i	18.0	136.986313	11.5774565	2	11	
Subaru	i	18.5	255.381622	15.8077259	2	11	
Subaru	i	19.0	516.634094	22.4836121	2	11	
Subaru	i	19.5	1002.93549	31.3264408	2	11	
Subaru	i	20.0	1132.09399	33.2824898	2	11	
Subaru	i	20.5	1736.79065	41.2238274	2	11	
Subaru	i	21.0	2535.2251	49.8061333	2	11	
Subaru	i	21.5	4082.19189	63.2006073	2	11	
Subaru	i	22.0	6034.24707	76.8397751	2	11	
Subaru	i	22.5	8771.03711	92.6403198	2	11	
Subaru	i	23.0	12513.6992	110.654076	2	11	
Subaru	i	23.5	17849.3164	132.155533	2	11	
Subaru	i	24.0	26246.5762	160.25473	2	11	
Subaru	i	24.5	36243.6406	188.317413	2	11	
HST	F775W	18.75	257.2	62.4	3	17	
HST	F775W	19.75	862.253	197.814	3	17	
HST	F775W	20.25	1406.833	252.675	3	17	
HST	F775W	20.75	1951.414	297.588	3	17	
HST	F775W	21.25	3131.338	376.969	3	17	
HST	F775W	21.75	5037.371	478.126	3	17	
HST	F775W	22.25	7034.166	564.998	3	17	
HST	F775W	22.75	10165.504	679.211	3	17	
HST	F775W	23.25	15838.219	847.8	3	17	
HST	F775W	23.75	24369.98	1051.642	3	17	
HST	F775W	24.25	35624.648	1271.498	3	17	
HST	F775W	24.75	52597.406	1544.979	3	17	
HST	F775W	25.25	68481.008	1762.891	3	17	
HST	F775W	25.75	85726.062	1972.409	3	17	
HST	F775W	20.25	1285.76025	642.880127	4	21	
HST	F775W	20.75	3535.84058	1066.09607	4	21	
HST	F775W	21.25	3857.28076	1113.50098	4	21	
HST	F775W	21.75	6107.36133	1401.12476	4	21	
HST	F775W	22.25	2571.52051	909.169739	4	21	
HST	F775W	22.75	7714.56152	1574.72827	4	21	
HST	F775W	23.25	9964.6416	1789.70251	4	21	
HST	F775W	23.75	22179.3633	2670.08154	4	21	
HST	F775W	24.25	22179.3633	2670.08154	4	21	
HST	F775W	24.75	36644.168	3432.04053	4	21	
HST	F775W	25.25	52394.7305	4103.87207	4	21	
HST	F775W	25.75	77145.6172	4979.72803	4	21	
HST	F775W	26.25	87753.1328	5311.06104	4	21	
HST	F775W	26.75	114111.219	6056.39502	4	21	
HST	F775W	27.25	155576.984	7071.68115	4	21	
HST	F775W	27.75	192864.031	7873.6416	4	21	
HST	F775W	28.25	245580.203	8884.78027	4	21	
HST	F775W	28.75	304403.75	9891.79199	4	21	
HST	F775W	29.25	371906.156	10933.6875	4	21	
HST	F775W	29.75	426550.969	11709.4229	4	21	
HST	F775W	20.25	1782.18	1260.19	5	21	
HST	F775W	20.75	2673.27	1543.41	5	21	
HST	F775W	21.25	5346.54	2182.71	5	21	
HST	F775W	21.75	7128.71	2520.38	5	21	
HST	F775W	22.25	4455.45	1992.54	5	21	
HST	F775W	22.75	16039.6	3780.57	5	21	
HST	F775W	23.25	9801.98	2955.41	5	21	
HST	F775W	23.75	29405.9	5118.92	5	21	
HST	F775W	24.25	32970.3	5420.28	5	21	
HST	F775W	24.75	44554.5	6300.95	5	21	
HST	F775W	25.25	64158.4	7561.14	5	21	
HST	F775W	25.75	75742.6	8215.44	5	21	
HST	F775W	26.25	98910.9	9388.21	5	21	
HST	F775W	26.75	129208.0	10730.1	5	21	
HST	F775W	27.25	180000.0	12664.8	5	21	
HST	F775W	27.75	244158.0	14750.2	5	21	
HST	F775W	28.25	279802.0	15790.1	5	21	
HST	F775W	28.75	392970.0	18712.9	5	21	
HST	F775W	29.25	502574.0	21162.2	5	21	
HST	F775W	29.75	506139.0	21237.1	5	21	
HST	F775W	20.5	2210.52686	835.500549	6	21	
HST	F775W	21.0	4105.26416	1138.59534	6	21	
HST	F775W	21.5	4421.05371	1181.57629	6	21	
HST	F775W	22.0	4736.84326	1223.04761	6	21	
HST	F775W	22.5	5684.21191	1339.78149	6	21	
HST	F775W	23.0	7578.94873	1547.04651	6	21	
HST	F775W	23.5	16105.2666	2255.18848	6	21	
HST	F775W	24.0	23684.2148	2734.81787	6	21	
HST	F775W	24.5	26210.5312	2876.97949	6	21	
HST	F775W	25.0	45473.6953	3789.47437	6	21	
HST	F775W	25.5	62526.3281	4443.55273	6	21	
HST	F775W	26.0	93473.7031	5433.04883	6	21	
HST	F775W	26.5	106421.078	5797.125	6	21	
HST	F775W	27.0	154421.078	6983.1626	6	21	
HST	F775W	27.5	189473.719	7735.23242	6	21	
HST	F775W	28.0	270000.062	9233.80664	6	21	
HST	F775W	28.5	347368.5	10473.5547	6	21	
HST	F775W	29.0	465473.781	12124.0156	6	21	
HST	F775W	29.5	542526.438	13089.0859	6	21	
VISTA	Z	9.5	0.00560670113	0.00560670113	1	5	
VISTA	Z	10.0	0.0112134023	0.00792907272	1	5	
VISTA	Z	10.5	0.0168201029	0.00971109141	1	5	
VISTA	Z	11.0	0.0224268045	0.0112134023	1	5	
VISTA	Z	11.5	0.0112134023	0.00792907272	1	5	
VISTA	Z	12.0	0.0728871152	0.0202152487	1	5	
VISTA	Z	12.5	0.123347424	0.0262977593	1	5	
VISTA	Z	13.0	0.274728358	0.0392469093	1	5	
VISTA	Z	13.5	0.521423221	0.0540690683	1	5	
VISTA	Z	14.0	1.143767	0.080079712	1	5	
VISTA	Z	14.5	2.00719905	0.106083758	1	5	
VISTA	Z	15.0	3.82937694	0.146527022	1	5	
VISTA	Z	15.5	7.67557383	0.207447946	1	5	
VISTA	Z	16.0	15.6146622	0.295883	1	5	
VISTA	Z	16.5	30.3154335	0.412273645	1	5	
VISTA	Z	17.0	55.7866745	0.559266686	1	5	
VISTA	Z	17.5	103.023132	0.760013044	1	5	
VISTA	Z	18.0	188.53093	1.02812278	1	5	
VISTA	Z	18.5	322.166656	1.34398365	1	5	
VISTA	Z	15.5	10.7632103	3.24522996	2	11	
VISTA	Z	16.0	16.6340523	4.03434992	2	11	
VISTA	Z	16.5	32.2896309	5.62090302	2	11	
VISTA	Z	17.0	55.772995	7.38731384	2	11	
VISTA	Z	17.5	90.019577	9.38519001	2	11	
VISTA	Z	18.0	181.996094	13.3446007	2	11	
VISTA	Z	18.5	429.549927	20.5013008	2	11	
VISTA	Z	19.0	575.342468	23.7267246	2	11	
VISTA	Z	19.5	1009.78479	31.4332256	2	11	
VISTA	Z	20.0	1578.27795	39.2976227	2	11	
VISTA	Z	20.5	2470.646	49.1676903	2	11	
VISTA	Z	21.0	3790.60693	60.9016342	2	11	
VISTA	Z	21.5	5579.25684	73.8861008	2	11	
VISTA	Z	22.0	8300.3916	90.1205521	2	11	
VISTA	Z	22.5	11318.9824	105.239372	2	11	
VISTA	Z	23.0	15466.7324	123.01947	2	11	
VISTA	Z	23.5	21365.9492	144.589142	2	11	
VISTA	Z	24.0	28290.6074	166.37793	2	11	
HST	F850LP	17.25	89.6	36.7	3	17	
HST	F850LP	18.25	313.681	118.56	3	17	
HST	F850LP	18.75	358.492	126.746	3	17	
HST	F850LP	19.25	582.55	161.57	3	17	
HST	F850LP	19.75	985.853	210.185	3	17	
HST	F850LP	20.25	1971.706	297.246	3	17	
HST	F850LP	20.75	2688.69	347.108	3	17		
HST	F850LP	21.25	3988.224	422.751	3	17	
HST	F850LP	21.75	6766.538	550.653	3	17	
HST	F850LP	22.25	8334.94	611.148	3	17		
HST	F850LP	22.75	12860.903	759.155	3	17	
HST	F850LP	23.25	19224.137	928.15	3	17	
HST	F850LP	23.75	25856.24	1076.409	3	17	
HST	F850LP	24.25	36655.812	1281.641	3	17	
HST	F850LP	24.75	50861.062	1509.689	3	17	
HST	F850LP	25.25	60092.234	1640.983	3	17	
HST	F850LP	25.75	72505.023	1802.515	3	17	
HST	F850LP	20.25	2892.96045	964.32019	4	21	
HST	F850LP	20.75	4500.16064	1202.71863	4	21	
HST	F850LP	21.25	4821.60107	1244.93201	4	21	
HST	F850LP	21.75	3214.40063	1016.48273	4	21	
HST	F850LP	22.25	7071.68115	1507.6875	4	21	
HST	F850LP	22.75	8357.44141	1639.02917	4	21	
HST	F850LP	23.25	15107.6826	2203.68213	4	21	
HST	F850LP	23.75	20572.1641	2571.52051	4	21	
HST	F850LP	24.25	22500.8047	2689.36035	4	21	
HST	F850LP	24.75	38894.2461	3535.84058	4	21	
HST	F850LP	25.25	54644.8086	4191.06543	4	21	
HST	F850LP	25.75	64609.4531	4557.19971	4	21	
HST	F850LP	26.25	86467.375	5272.00928	4	21	
HST	F850LP	26.75	106396.656	5848.08936	4	21	
HST	F850LP	27.25	146576.672	6864.08105	4	21	
HST	F850LP	27.75	166505.953	7315.85156	4	21	
HST	F850LP	28.25	209578.922	8207.74414	4	21	
HST	F850LP	28.75	261330.766	9165.27051	4	21	
HST	F850LP	29.25	274509.812	9393.53223	4	21	
HST	F850LP	29.75	280938.625	9502.89062	4	21	
HST	F850LP	23.58	17678.6	1673.66	5	21	
HST	F850LP	23.68	14464.3	1533.6	5	21	
HST	F850LP	23.78	17678.6	1673.66	5	21	
HST	F850LP	23.88	20892.9	1790.26	5	21	
HST	F850LP	23.98	17678.6	1673.66	5	21	
HST	F850LP	24.08	27321.4	1977.51	5	21	
HST	F850LP	24.18	19285.7	1734.4	5	21	
HST	F850LP	24.28	33750.0	2125.0	5	21	
HST	F850LP	24.38	35357.1	2157.46	5	21	
HST	F850LP	24.48	24107.1	1890.14	5	21	
HST	F850LP	24.58	22500.0	1841.99	5	21	
HST	F850LP	24.68	30535.7	2055.13	5	21	
HST	F850LP	24.78	24107.1	1890.14	5	21	
HST	F850LP	24.88	38571.4	2218.19	5	21	
HST	F850LP	24.98	28928.6	2017.4	5	21	
HST	F850LP	25.08	40178.6	2246.69	5	21	
HST	F850LP	25.18	61071.4	2538.93	5	21	
HST	F850LP	25.28	69107.1	2625.22	5	21	
HST	F850LP	25.38	57857.1	2501.2	5	21	
HST	F850LP	25.48	53035.7	2440.46	5	21	
HST	F850LP	25.58	48214.3	2373.94	5	21	
HST	F850LP	25.68	81964.3	2744.31	5	21	
HST	F850LP	25.78	77142.9	2701.99	5	21	
HST	F850LP	25.88	70714.3	2641.26	5	21	
HST	F850LP	25.98	90000.0	2809.59	5	21	
HST	F850LP	26.08	77142.9	2701.99	5	21	
HST	F850LP	26.18	83571.4	2757.86	5	21	
HST	F850LP	26.28	94821.4	2846.01	5	21	
HST	F850LP	26.38	112500.0	2965.34	5	21	
HST	F850LP	26.48	128571.0	3058.54	5	21	
HST	F850LP	26.58	112500.0	2965.34	5	21	
HST	F850LP	26.68	114107.0	2975.24	5	21	
HST	F850LP	26.78	143036.0	3132.95	5	21	
HST	F850LP	26.88	126964.0	3049.76	5	21	
HST	F850LP	26.98	125357.0	3040.86	5	21	
HST	F850LP	27.08	114107.0	2975.24	5	21	
HST	F850LP	27.18	180000.0	3293.39	5	21	
HST	F850LP	27.28	181607.0	3299.59	5	21	
HST	F850LP	27.38	194464.0	3347.34	5	21	
HST	F850LP	27.48	189643.0	3329.81	5	21	
HST	F850LP	27.58	233036.0	3473.63	5	21	
HST	F850LP	27.68	170357.0	3254.96	5	21	
HST	F850LP	27.78	212143.0	3408.06	5	21	
HST	F850LP	27.88	229821.0	3463.94	5	21	
HST	F850LP	27.98	204107.0	3381.11	5	21	
HST	F850LP	28.08	213750.0	3413.33	5	21	
HST	F850LP	28.18	266786.0	3568.03	5	21	
HST	F850LP	28.28	268393.0	3572.23	5	21	
HST	F850LP	28.38	266786.0	3568.03	5	21	
HST	F850LP	28.48	255536.0	3537.96	5	21	
HST	F850LP	22.78	9801.98	2955.41	7	21	
HST	F850LP	23.28	17821.8	3985.07	7	21	
HST	F850LP	23.78	20495.1	4273.51	7	21	
HST	F850LP	24.28	25841.6	4798.66	7	21	
HST	F850LP	24.78	37425.7	5774.92	7	21	
HST	F850LP	25.28	49901.0	6668.3	7	21	
HST	F850LP	25.78	66831.7	7717.06	7	21	
HST	F850LP	26.28	73960.4	8118.21	7	21	
HST	F850LP	26.78	106040.0	9720.64	7	21	
HST	F850LP	27.28	138119.0	11094.0	7	21	
HST	F850LP	27.78	193366.0	13126.6	7	21	
HST	F850LP	28.28	246832.0	14830.7	7	21	
HST	F850LP	28.78	319010.0	16860.2	7	21	
HST	F850LP	29.28	318119.0	16836.6	7	21	
HST	F850LP	29.78	328812.0	17117.3	7	21	
HST	F850LP	20.0	2210.52686	835.500549	6	21	
HST	F850LP	20.5	3789.47437	1093.927	6	21	
HST	F850LP	21.0	3789.47437	1093.927	6	21	
HST	F850LP	21.5	4736.84326	1223.04761	6	21	
HST	F850LP	22.0	3157.89526	998.614197	6	21	
HST	F850LP	22.5	9789.47559	1758.2417	6	21	
HST	F850LP	23.0	11052.6338	1868.23621	6	21	
HST	F850LP	23.5	21157.8984	2584.84863	6	21	
HST	F850LP	24.0	19263.1621	2466.39526	6	21	
HST	F850LP	24.5	39157.9023	3516.4834	6	21	
HST	F850LP	25.0	48947.3789	3931.5481	6	21	
HST	F850LP	25.5	62842.1172	4454.75977	6	21	
HST	F850LP	26.0	89368.4375	5312.40234	6	21	
HST	F850LP	26.5	104526.336	5745.28711	6	21	
HST	F850LP	27.0	161684.25	7145.50146	6	21	
HST	F850LP	27.5	195789.516	7863.09619	6	21	
HST	F850LP	28.0	272526.375	9276.90527	6	21	
HST	F850LP	28.5	351473.75	10535.2617	6	21	
HST	F850LP	29.0	468000.094	12156.8721	6	21	
HST	F850LP	29.5	515684.312	12761.1807	6	21	
VISTA	Y	9.0	0.00561564276	0.00561564276	1	5	
VISTA	Y	9.5	0.00561564276	0.00561564276	1	5	
VISTA	Y	10.0	0.00561564276	0.00561564276	1	5	
VISTA	Y	10.5	0.022462571	0.0112312855	1	5	
VISTA	Y	11.0	0.022462571	0.0112312855	1	5	
VISTA	Y	11.5	0.0393094979	0.0148575939	1	5	
VISTA	Y	12.0	0.106697209	0.0244780201	1	5	
VISTA	Y	12.5	0.16846928	0.0307581425	1	5	
VISTA	Y	13.0	0.37063241	0.0456217006	1	5	
VISTA	Y	13.5	0.730033576	0.0640281811	1	5	
VISTA	Y	14.0	1.50499225	0.0919320285	1	5	
VISTA	Y	14.5	2.48211408	0.118062131	1	5	
VISTA	Y	15.0	5.26747274	0.171989083	1	5	
VISTA	Y	15.5	10.4619427	0.242385089	1	5	
VISTA	Y	16.0	20.6487179	0.340522856	1	5	
VISTA	Y	16.5	39.264576	0.469569832	1	5	
VISTA	Y	17.0	72.9977417	0.64025718	1	5	
VISTA	Y	17.5	133.247971	0.865027726	1	5	
VISTA	Y	14.5	3.91389441	1.95694721	2	11	
VISTA	Y	15.0	6.84931517	2.58879781	2	11	
VISTA	Y	15.5	11.741684	3.38953209	2	11	
VISTA	Y	16.0	26.418787	5.08429766	2	11	
VISTA	Y	16.5	47.9452057	6.84931517	2	11	
VISTA	Y	17.0	72.4070511	8.41714859	2	11	
VISTA	Y	17.5	126.223099	11.1133242	2	11	
VISTA	Y	18.0	230.919769	15.0315971	2	11	
VISTA	Y	18.5	441.291595	20.7796097	2	11	
VISTA	Y	19.0	632.093933	24.8694057	2	11	
VISTA	Y	19.5	1104.69678	32.8772964	2	11	
VISTA	Y	20.0	1705.47949	40.850544	2	11	
VISTA	Y	20.5	2683.95312	51.2462425	2	11	
VISTA	Y	21.0	4008.8064	62.6299553	2	11	
VISTA	Y	21.5	5943.24902	76.258194	2	11	
VISTA	Y	22.0	8457.92578	90.9717407	2	11	
VISTA	Y	22.5	11654.5996	106.788193	2	11	
VISTA	Y	23.0	15401.1748	122.758476	2	11	
VISTA	Y	23.5	20354.209	141.124268	2	11	
HST	F098W	17.25	134.0	59.9	3	17		
HST	F098W	18.75	402.0	103.8	3	17		
HST	F098W	19.75	1206.014	311.391	3	17	
HST	F098W	20.25	1688.42	368.443	3	17		
HST	F098W	20.75	3778.844	551.201	3	17	
HST	F098W	21.25	4502.452	601.666	3	17	
HST	F098W	21.75	7396.886	771.179	3	17	
HST	F098W	22.25	9728.513	884.41	3	17	
HST	F098W	22.75	15436.979	1114.068	3	17	
HST	F098W	23.25	22190.658	1335.721	3	17	
HST	F098W	23.75	29587.543	1542.357	3	17	
HST	F098W	24.25	43255.703	1864.886	3	17	
HST	F098W	24.75	54833.438	2099.681	3	17	
HST	F098W	25.25	65607.164	2296.71	3	17		
HST	F105W	23.25	16768.0	4797.59	4	21	
HST	F105W	23.75	37774.3	9119.79	4	21	
HST	F105W	24.25	45230.0	10470.4	4	21	
HST	F105W	24.75	48915.5	11132.4	4	21	
HST	F105W	25.25	87015.7	16977.6	4	21	
HST	F105W	25.75	100177.0	18829.0	4	21	
HST	F105W	26.25	133283.0	23092.3	4	21	
HST	F105W	26.75	163892.0	26753.8	4	21	
HST	F105W	27.25	249733.0	35790.5	4	21	
HST	F105W	27.75	296157.0	40314.0	4	21	
HST	F105W	28.25	361813.0	46270.8	4	21	
HST	F105W	20.25	3564.36	1782.18	5	21	
HST	F105W	20.75	6237.62	2357.6	5	21	
HST	F105W	21.25	6237.62	2357.6	5	21	
HST	F105W	21.75	6237.62	2357.6	5	21	
HST	F105W	22.25	14257.4	3564.36	5	21	
HST	F105W	22.75	19604.0	4179.58	5	21	
HST	F105W	23.25	22403.2	4480.65	5	21	
HST	F105W	23.75	33536.2	5513.32	5	21	
HST	F105W	24.25	49511.3	6737.64	5	21	
HST	F105W	24.75	44525.5	6426.7	5	21	
HST	F105W	25.25	60070.8	7508.85	5	21	
HST	F105W	25.75	81688.2	8808.66	5	21	
HST	F105W	26.25	112482.0	10399.0	5	21	
HST	F105W	26.75	156685.0	12348.6	5	21	
HST	F105W	27.25	207900.0	14312.4	5	21	
HST	F105W	27.75	267389.0	16333.4	5	21	
HST	F105W	28.25	327385.0	18188.1	5	21	
HST	F105W	28.75	426801.0	20900.6	5	21	
HST	F105W	29.25	565113.0	24206.8	5	21	
HST	F105W	29.75	621990.0	25563.6	5	21	
HST	F105W	20.5	3789.47437	1093.927	6	21	
HST	F105W	21.0	3789.47437	1093.927	6	21	
HST	F105W	21.5	4105.26416	1138.59534	6	21	
HST	F105W	22.0	7263.15918	1514.47351	6	21	
HST	F105W	22.5	11368.4238	1894.73718	6	21	
HST	F105W	23.0	15789.4766	2232.96924	6	21	
HST	F105W	23.5	25263.1621	2824.50757	6	21	
HST	F105W	24.0	32526.3223	3204.91382	6	21	
HST	F105W	24.5	41684.2188	3628.14551	6	21	
HST	F105W	25.0	56842.1172	4236.76123	6	21	
HST	F105W	25.5	79578.9609	5013.00342	6	21	
HST	F105W	26.0	107368.445	5822.87158	6	21	
HST	F105W	26.5	142105.297	6698.90771	6	21	
HST	F105W	27.0	184736.875	7637.93018	6	21	
HST	F105W	27.5	242842.156	8757.11133	6	21	
HST	F105W	28.0	334421.125	10276.5107	6	21	
HST	F105W	28.5	402000.094	11267.0947	6	21	
HST	F105W	29.0	456000.094	12000.0029	6	21	
VISTA	J	9.0	0.00559043372	0.00559043372	1	5	
VISTA	J	9.5	0.0111808674	0.00790606719	1	5	
VISTA	J	10.0	0.00559043372	0.00559043372	1	5	
VISTA	J	10.5	0.0279521681	0.0125005897	1	5	
VISTA	J	11.0	0.00559043372	0.00559043372	1	5	
VISTA	J	11.5	0.0391330346	0.0147908973	1	5	
VISTA	J	12.0	0.0894469395	0.0223617349	1	5	
VISTA	J	12.5	0.20125562	0.0335426033	1	5	
VISTA	J	13.0	0.430463403	0.0490558557	1	5	
VISTA	J	13.5	0.978325903	0.0739544854	1	5	
VISTA	J	14.0	1.74421525	0.0987467393	1	5	
VISTA	J	14.5	3.26481318	0.135098934	1	5	
VISTA	J	15.0	6.74206305	0.19414185	1	5	
VISTA	J	15.5	13.4002695	0.273702979	1	5	
VISTA	J	16.0	26.5154266	0.385010034	1	5	
VISTA	J	16.5	51.5158463	0.536652505	1	5	
VISTA	J	17.0	94.685173	0.72755152	1	5	
VISTA	J	17.5	172.537552	0.982120037	1	5	
VISTA	J	18.0	293.179108	1.28023374	1	5	
VISTA	J	14.0	2.93542099	1.69476604	2	11	
VISTA	J	14.5	3.91389441	1.95694721	2	11	
VISTA	J	15.0	6.84931517	2.58879781	2	11	
VISTA	J	15.5	16.6340523	4.03434992	2	11	
VISTA	J	16.0	45.9882622	6.70807743	2	11	
VISTA	J	16.5	56.7514687	7.45183325	2	11	
VISTA	J	17.0	85.1272049	9.12659454	2	11	
VISTA	J	17.5	171.23288	12.9439898	2	11	
VISTA	J	18.0	353.228973	18.5909996	2	11	
VISTA	J	18.5	502.935455	22.1835308	2	11	
VISTA	J	19.0	886.497131	29.4518948	2	11	
VISTA	J	19.5	1412.91589	37.1819992	2	11	
VISTA	J	20.0	2255.38159	46.9769249	2	11	
VISTA	J	20.5	3452.05493	58.1183662	2	11	
VISTA	J	21.0	5153.62061	71.0118408	2	11	
VISTA	J	21.5	7333.65967	84.7100525	2	11	
VISTA	J	22.0	10162.4268	99.7179413	2	11	
VISTA	J	22.5	13549.9023	115.144356	2	11	
VISTA	J	23.0	17581.2148	131.159271	2	11	
VISTA	J	23.5	22423.6797	148.124878	2	11	
HST	F125W	18.25	402.617	104.0	3	17		
HST	F125W	19.25	1127.328	301.291	3	17	
HST	F125W	19.75	1529.945	350.993	3	17	
HST	F125W	20.25	3059.889	496.38	3	17	
HST	F125W	20.75	4750.881	618.512	3	17	
HST	F125W	21.25	6441.872	720.223	3	17	
HST	F125W	21.75	8213.387	813.246	3	17	
HST	F125W	22.25	12964.268	1021.727	3	17	
HST	F125W	22.75	17715.148	1194.355	3	17	
HST	F125W	23.25	25848.012	1442.695	3	17	
HST	F125W	23.75	32611.979	1620.502	3	17	
HST	F125W	24.25	49280.324	1992.039	3	17	
HST	F125W	24.75	57574.234	2153.154	3	17	
HST	F125W	25.25	69733.266	2369.633	3	17	
HST	F125W	25.75	89944.641	2691.217	3	17	
HST	F125W	23.25	20591.9	5670.92	4	21	
HST	F125W	23.75	33212.2	8270.84	4	21	
HST	F125W	24.25	43811.2	10233.7	4	21	
HST	F125W	24.75	50724.5	11451.1	4	21	
HST	F125W	25.25	69063.8	14403.2	4	21	
HST	F125W	25.75	105800.0	19616.4	4	21	
HST	F125W	26.25	135287.0	23399.5	4	21	
HST	F125W	26.75	163078.0	26743.2	4	21	
HST	F125W	27.25	213695.0	32321.0	4	21	
HST	F125W	27.75	297568.0	40617.3	4	21	
HST	F125W	28.25	296615.0	40714.2	4	21	
HST	F125W	20.25	4455.45	1992.54	5	21	
HST	F125W	20.75	4455.45	1992.54	5	21	
HST	F125W	21.25	4455.45	1992.54	5	21	
HST	F125W	21.75	10693.1	3086.82	5	21	
HST	F125W	22.25	17821.8	3985.07	5	21	
HST	F125W	22.75	19604.0	4179.58	5	21	
HST	F125W	23.25	32281.0	5380.17	5	21	
HST	F125W	23.75	30875.9	5295.18	5	21	
HST	F125W	24.25	51510.7	6883.41	5	21	
HST	F125W	24.75	41933.6	6251.1	5	21	
HST	F125W	25.25	67038.2	7955.97	5	21	
HST	F125W	25.75	90903.1	9326.45	5	21	
HST	F125W	26.25	115418.0	10580.3	5	21	
HST	F125W	26.75	170105.0	12932.9	5	21	
HST	F125W	27.25	194419.0	13922.7	5	21	
HST	F125W	27.75	282115.0	16889.8	5	21	
HST	F125W	28.25	353872.0	19051.7	5	21	
HST	F125W	28.75	428764.0	21123.6	5	21	
HST	F125W	29.25	530165.0	23662.5	5	21	
HST	F125W	29.75	740743.0	28179.2	5	21	
HST	F125W	30.25	823883.0	29944.5	5	21	
HST	F125W	18.0	947.370422	546.964539	6	21	
HST	F125W	18.5	947.370422	546.964539	6	21	
HST	F125W	19.0	631.580261	446.594696	6	21	
HST	F125W	19.5	1263.16052	631.580261	6	21	
HST	F125W	20.0	4105.27197	1138.59753	6	21	
HST	F125W	20.5	4736.85205	1223.05005	6	21	
HST	F125W	21.0	3789.48169	1093.92908	6	21	
HST	F125W	21.5	5368.43262	1302.03613	6	21	
HST	F125W	22.0	8842.12402	1671.00427	6	21	
HST	F125W	22.5	14526.3467	2141.79297	6	21	
HST	F125W	23.0	20526.3594	2545.98145	6	21	
HST	F125W	23.5	25579.002	2842.11133	6	21	
HST	F125W	24.0	37894.8164	3459.30786	6	21	
HST	F125W	24.5	47368.5195	3867.62354	6	21	
HST	F125W	25.0	67579.0938	4619.61133	6	21	
HST	F125W	25.5	91263.3516	5368.43262	6	21	
HST	F125W	26.0	106421.281	5797.13623	6	21	
HST	F125W	26.5	165789.828	7235.66113	6	21	
HST	F125W	27.0	195474.094	7856.76758	6	21	
HST	F125W	27.5	284526.906	9478.96582	6	21	
HST	F125W	28.0	350842.844	10525.8115	6	21	
HST	F125W	28.5	425685.125	11594.2725	6	21	
HST	F125W	29.0	429474.594	11645.7646	6	21	
VISTA	H	8.5	0.00569268595	0.00569268595	1	5	
VISTA	H	9.0	0.00569268595	0.00569268595	1	5	
VISTA	H	9.5	0.00569268595	0.00569268595	1	5	
VISTA	H	10.0	0.0170780588	0.00986002106	1	5	
VISTA	H	10.5	0.0227707438	0.0113853719	1	5	
VISTA	H	11.0	0.00569268595	0.00569268595	1	5	
VISTA	H	11.5	0.0569268614	0.0180018544	1	5	
VISTA	H	12.0	0.125239089	0.0267010648	1	5	
VISTA	H	12.5	0.26755625	0.0390270911	1	5	
VISTA	H	13.0	0.580653965	0.0574933067	1	5	
VISTA	H	13.5	1.29223967	0.0857689604	1	5	
VISTA	H	14.0	2.26568913	0.113568731	1	5	
VISTA	H	14.5	4.42890978	0.158784106	1	5	
VISTA	H	15.0	9.14245415	0.228133976	1	5	
VISTA	H	15.5	18.4443035	0.32403338	1	5	
VISTA	H	16.0	36.4274979	0.455379307	1	5	
VISTA	H	16.5	69.7126312	0.629961967	1	5	
VISTA	H	17.0	132.093079	0.86715889	1	5	
VISTA	H	17.5	239.872711	1.16855466	1	5	
VISTA	H	14.0	2.93542099	1.69476604	2	11	
VISTA	H	14.5	5.87084198	2.39676118	2	11	
VISTA	H	15.0	8.80626297	2.93542099	2	11	
VISTA	H	15.5	19.5694733	4.37586737	2	11	
VISTA	H	16.0	53.8160477	7.2565546	2	11	
VISTA	H	16.5	64.5792618	7.94915771	2	11	
VISTA	H	17.0	124.266151	11.0268373	2	11	
VISTA	H	17.5	231.898254	15.0634098	2	11	
VISTA	H	18.0	437.377716	20.6872559	2	11	
VISTA	H	18.5	687.866943	25.9433937	2	11	
VISTA	H	19.0	1181.0177	33.9940376	2	11	
VISTA	H	19.5	1846.37976	42.5045166	2	11	
VISTA	H	20.0	2907.04517	53.3335457	2	11	
VISTA	H	20.5	4246.57568	64.4605484	2	11	
VISTA	H	21.0	6128.18018	77.4355392	2	11	
VISTA	H	21.5	8463.79688	91.0033112	2	11	
VISTA	H	22.0	11178.083	104.582306	2	11	
VISTA	H	22.5	14053.8164	117.265892	2	11	
HST	F160W	17.75	375.5	100.4	3	17	
HST	F160W	19.25	1394.8	193.4	3	17	
HST	F160W	20.25	3621.172	539.812	3	17	
HST	F160W	20.75	5713.404	678.056	3	17	
HST	F160W	21.25	7161.873	759.157	3	17	
HST	F160W	21.75	10380.692	913.969	3	17	
HST	F160W	22.25	14404.217	1076.622	3	17	
HST	F160W	22.75	20359.033	1279.961	3	17	
HST	F160W	23.25	28727.963	1520.445	3	17	
HST	F160W	23.75	36533.602	1714.607	3	17	
HST	F160W	24.25	50857.348	2022.997	3	17	
HST	F160W	24.75	63249.801	2256.046	3	17	
HST	F160W	22.25	11953.2	3661.03	4	21	
HST	F160W	22.75	18310.3	5282.24	4	21	
HST	F160W	23.25	24052.4	6623.93	4	21	
HST	F160W	23.75	44618.2	10772.1	4	21	
HST	F160W	24.25	51217.0	12016.6	4	21	
HST	F160W	24.75	57169.1	13122.5	4	21	
HST	F160W	25.25	92667.1	18805.7	4	21	
HST	F160W	25.75	118901.0	22627.7	4	21	
HST	F160W	26.25	179214.0	30386.6	4	21	
HST	F160W	26.75	231058.0	36483.4	4	21	
HST	F160W	27.25	283466.0	42299.9	4	21	
HST	F160W	27.75	344234.0	48662.6	4	21	
HST	F160W	28.25	458417.0	59486.1	4	21	
HST	F160W	20.25	7128.71	2520.38	5	21	
HST	F160W	20.75	5346.54	2182.71	5	21	
HST	F160W	21.25	5346.54	2182.71	5	21	
HST	F160W	21.75	14257.4	3564.36	5	21	
HST	F160W	22.25	20076.9	4489.33	5	21	
HST	F160W	22.75	26654.0	5227.28	5	21	
HST	F160W	23.25	36658.5	6196.41	5	21	
HST	F160W	23.75	44965.2	6938.3	5	21	
HST	F160W	24.25	48174.4	7262.56	5	21	
HST	F160W	24.75	66095.9	8604.95	5	21	
HST	F160W	25.25	80280.8	9595.41	5	21	
HST	F160W	25.75	104554.0	11082.7	5	21	
HST	F160W	26.25	150506.0	13461.7	5	21	
HST	F160W	26.75	209922.0	16100.3	5	21	
HST	F160W	27.25	253448.0	17921.4	5	21	
HST	F160W	27.75	365688.0	21815.2	5	21	
HST	F160W	28.25	419950.0	23699.1	5	21	
HST	F160W	28.75	500685.0	26243.0	5	21	
HST	F160W	29.25	733401.0	32223.7	5	21	
HST	F160W	29.75	870778.0	35638.6	5	21	
HST	F160W	30.25	1013700.0	39046.4	5	21	
HST	F160W	18.0	947.368591	546.963501	6	21	
HST	F160W	18.5	947.368591	546.963501	6	21	
HST	F160W	19.0	631.579102	446.593842	6	21	
HST	F160W	19.5	3157.89526	998.614197	6	21	
HST	F160W	20.0	4105.26416	1138.59534	6	21	
HST	F160W	20.5	4421.05371	1181.57629	6	21	
HST	F160W	21.0	3473.68481	1047.35547	6	21	
HST	F160W	21.5	7263.15918	1514.47351	6	21	
HST	F160W	22.0	10105.2656	1786.37537	6	21	
HST	F160W	22.5	15157.8975	2187.854	6	21	
HST	F160W	23.0	24947.373	2806.79858	6	21	
HST	F160W	23.5	30947.375	3126.15698	6	21	
HST	F160W	24.0	39473.6914	3530.63428	6	21	
HST	F160W	24.5	54000.0117	4129.48389	6	21	
HST	F160W	25.0	72947.3828	4799.58545	6	21	
HST	F160W	25.5	91263.1797	5368.42236	6	21	
HST	F160W	26.0	123473.711	6244.33398	6	21	
HST	F160W	26.5	173684.25	7405.9209	6	21	
HST	F160W	27.0	219789.516	8331.09961	6	21	
HST	F160W	27.5	305052.688	9814.90918	6	21	
HST	F160W	28.0	400736.938	11249.3799	6	21	
VISTA	K	9.0	0.00559043372	0.00559043372	1	5	
VISTA	K	9.5	0.0111808674	0.00790606719	1	5	
VISTA	K	10.0	0.0111808674	0.00790606719	1	5	
VISTA	K	10.5	0.0223617349	0.0111808674	1	5	
VISTA	K	11.0	0.00559043372	0.00559043372	1	5	
VISTA	K	11.5	0.0391330346	0.0147908973	1	5	
VISTA	K	12.0	0.0894469395	0.0223617349	1	5	
VISTA	K	12.5	0.212436482	0.0344617479	1	5	
VISTA	K	13.0	0.469596416	0.0512371734	1	5	
VISTA	K	13.5	1.11249626	0.0788627714	1	5	
VISTA	K	14.0	2.01814651	0.106218241	1	5	
VISTA	K	14.5	4.2040062	0.153304338	1	5	
VISTA	K	15.0	9.19626331	0.226740167	1	5	
VISTA	K	15.5	19.7677727	0.332431078	1	5	
VISTA	K	16.0	42.9513016	0.490016758	1	5	
VISTA	K	16.5	86.9927368	0.697371602	1	5	
VISTA	K	17.0	172.660538	0.982470036	1	5	
VISTA	K	17.5	294.084778	1.28220963	1	5	
VISTA	K	13.5	1.95694721	1.3837707	2	11	
VISTA	K	14.0	2.93542099	1.69476604	2	11	
VISTA	K	14.5	3.91389441	1.95694721	2	11	
VISTA	K	15.0	8.80626297	2.93542099	2	11	
VISTA	K	15.5	22.5048943	4.69259501	2	11	
VISTA	K	16.0	54.7945213	7.32222652	2	11	
VISTA	K	16.5	86.1056824	9.17889595	2	11	
VISTA	K	17.0	149.706467	12.1030502	2	11	
VISTA	K	17.5	327.788666	17.909008	2	11	
VISTA	K	18.0	525.440308	22.6744232	2	11	
VISTA	K	18.5	915.851318	29.9355354	2	11	
VISTA	K	19.0	1588.06274	39.4192505	2	11	
VISTA	K	19.5	2535.2251	49.8061333	2	11	
VISTA	K	20.0	3829.74585	61.2152367	2	11	
VISTA	K	20.5	5277.88672	71.8628769	2	11	
ESO	K	19.25	1720.96	190.752	3	11	
ESO	K	19.5	2267.1	218.912	3	11	
ESO	K	19.75	3383.53	267.467	3	11	
ESO	K	20.0	4480.95	307.801	3	11	
ESO	K	20.25	5185.25	331.108	3	11	
ESO	K	20.5	5024.24	325.889	3	11	
ESO	K	20.75	7618.51	401.301	3	11	
ESO	K	21.0	8355.45	420.31	3	11	
ESO	K	21.25	9246.34	442.15	3	11	
ESO	K	21.5	12005.2	503.814	3	11	
ESO	K	21.75	13355.8	531.337	3	11	
ESO	K	22.0	14920.0	561.655	3	11	
ESO	K	22.25	16617.7	592.611	3	11	
ESO	K	22.5	18195.8	620.255	3	11	
ESO	K	22.75	26574.8	749.497	3	11	
ESO	K	23.0	27897.8	768.016	3	11	
ESO	K	23.25	30364.8	810.159	3	11	
ESO	K	23.5	33889.9	865.307	3	11	
ESO	K	23.75	38025.1	926.552	3	11	
ESO	K	24.0	42302.9	989.624	3	11	
ESO	K	24.25	45411.9	1065.3	3	11	
ESO	K	24.5	50381.4	1260.58	3	11	
ESO	K	24.75	57925.5	1909.72	3	11	
ESO	K	25.0	60488.1	2383.8	3	11	
ESO	K	25.25	63939.6	2451.15	3	11	
ESO	K	25.5	65113.3	3056.82	3	11	
ESO	K	25.75	65958.4	3076.59	3	11	
ESO	K	26.0	68876.3	3143.91	3	11	
ESO	K	26.25	74949.7	4377.94	3	11	
Spitzer	IRAC1	16.0	18.5909996	4.26506758	2	11	
Spitzer	IRAC1	16.5	49.902153	6.98769951	2	11	
Spitzer	IRAC1	17.0	85.1272049	9.12659454	2	11	
Spitzer	IRAC1	17.5	121.330727	10.8958206	2	11	
Spitzer	IRAC1	18.0	372.798462	19.0990429	2	11	
Spitzer	IRAC1	18.5	858.121338	28.9766998	2	11	
Spitzer	IRAC1	19.0	1966.73193	43.8679314	2	11	
Spitzer	IRAC1	19.5	3631.11572	59.6066322	2	11	
Spitzer	IRAC1	20.0	5263.20947	71.762886	2	11	
Spitzer	IRAC1	20.5	6652.64209	80.6810684	2	11	
Spitzer	IRAC1	17.25	233.868	104.174	3	6	
Spitzer	IRAC1	17.75	308.298	147.708	3	6	
Spitzer	IRAC1	18.25	561.009	54.1252	3	6	
Spitzer	IRAC1	18.75	1509.98	264.091	3	6	
Spitzer	IRAC1	19.25	3012.8	526.931	3	6	
Spitzer	IRAC1	19.75	4774.96	707.428	3	6	
Spitzer	IRAC1	20.25	6744.81	822.992	3	6	
Spitzer	IRAC1	20.75	8891.4	857.826	3	6	
Spitzer	IRAC1	21.25	11721.1	1430.2	3	6	
Spitzer	IRAC1	21.75	14756.0	1423.64	3	6	
Spitzer	IRAC1	22.25	18576.8	875.496	3	6	
Spitzer	IRAC1	22.75	24488.9	1751.43	3	6	
Spitzer	IRAC1	23.25	30829.8	2204.92	3	6	
Spitzer	IRAC1	23.75	39716.4	1871.78	3	6	
Spitzer	IRAC1	24.25	50000.0	3575.97	3	6	
Spitzer	IRAC1	24.75	57407.7	5538.59	3	6	
Spitzer	IRAC1	25.25	64412.5	7859.51	3	6	
Spitzer	IRAC1	25.75	75678.1	15307.0	3	6	
Spitzer	IRAC1	26.25	114543.0	58825.0	3	6
Spitzer	IRAC1	26.75	203690.0	134351.0	3	6	
Spitzer	IRAC2	15.5	2.93542099	1.69476604	2	11	
Spitzer	IRAC2	16.0	13.6986303	3.66111326	2	11	
Spitzer	IRAC2	16.5	26.418787	5.08429766	2	11	
Spitzer	IRAC2	17.0	72.4070511	8.41714859	2	11	
Spitzer	IRAC2	17.5	118.395309	10.7632103	2	11	
Spitzer	IRAC2	18.0	250.489243	15.6555777	2	11	
Spitzer	IRAC2	18.5	563.60083	23.4833679	2	11	
Spitzer	IRAC2	19.0	1304.3053	35.7243385	2	11	
Spitzer	IRAC2	19.5	2920.74365	53.4590569	2	11	
Spitzer	IRAC2	20.0	4953.03369	69.6161804	2	11	
Spitzer	IRAC2	18.25	406.415	82.2034	3	6	
Spitzer	IRAC2	18.75	952.73	141.15	3	6	
Spitzer	IRAC2	19.25	2182.58	323.357	3	6	
Spitzer	IRAC2	19.75	4354.82	531.368	3	6	
Spitzer	IRAC2	20.25	7062.69	681.395	3	6	
Spitzer	IRAC2	20.75	9749.22	697.258	3	6	
Spitzer	IRAC2	21.25	12273.5	578.434	3	6	
Spitzer	IRAC2	21.75	15099.8	711.63	3	6	
Spitzer	IRAC2	22.25	18576.8	875.496	3	6	
Spitzer	IRAC2	22.75	23386.8	544.748	3	6	
Spitzer	IRAC2	23.25	30829.8	1452.96	3	6	
Spitzer	IRAC2	23.75	38812.4	1829.17	3	6	
Spitzer	IRAC2	24.25	48861.9	2302.79	3	6	
Spitzer	IRAC2	24.75	61513.4	2899.04	3	6	
Spitzer	IRAC2	25.25	70626.9	5051.19	3	6	
Spitzer	IRAC2	25.75	95273.0	16663.0	3	6	
Spitzer	IRAC2	26.25	150998.0	34770.0	3	6	
Spitzer	IRAC2	26.75	213290.0	132626.0	3	6	
WISE	W1	9.5	0.00559043372	0.00559043372	1	5	
WISE	W1	10.0	0.00559043372	0.00559043372	1	5	
WISE	W1	10.5	0.0167713016	0.00968291517	1	5	
WISE	W1	11.0	0.0223617349	0.0111808674	1	5	
WISE	W1	11.5	0.0335426033	0.0136937108	1	5	
WISE	W1	12.0	0.0447234698	0.0158121344	1	5	
WISE	W1	12.5	0.0726756379	0.0201565959	1	5	
WISE	W1	13.0	0.156532139	0.0295817945	1	5	
WISE	W1	13.5	0.352197319	0.0443726927	1	5	
WISE	W1	14.0	0.760298967	0.0651950985	1	5	
WISE	W1	14.5	1.45910323	0.0903162211	1	5	
WISE	W1	15.0	2.6610465	0.121968865	1	5	
WISE	W1	15.5	6.03766823	0.183720395	1	5	
WISE	W1	16.0	14.3841858	0.283573329	1	5	
WISE	W1	16.5	31.9940529	0.422919184	1	5	
WISE	W1	17.0	72.5861893	0.637015164	1	5	
WISE	W1	17.5	161.999588	0.951655388	1	5	
Spitzer	IRAC4	15.5	23.4833679	4.79352236	2	11	
Spitzer	IRAC4	16.0	44.0313148	6.56380033	2	11	
Spitzer	IRAC4	16.5	65.5577316	8.00915146	2	11	
Spitzer	IRAC4	17.0	148.727997	12.0634327	2	11	
Spitzer	IRAC4	17.5	213.307251	14.44699	2	11	
Spitzer	IRAC4	18.0	354.207458	18.6167316	2	11	
Spitzer	IRAC4	18.5	663.40509	25.4779205	2	11	
Spitzer	IRAC4	19.0	1018.59106	31.5699921	2	11	
Spitzer	IRAC4	19.5	1697.65173	40.7566872	2	11	
Spitzer	IRAC4	20.0	3385.5188	57.5555458	2	11	
Spitzer	IRAC4	20.5	5425.63623	72.8618011	2	11	
Spitzer	IRAC4	21.0	6358.12158	78.8749313	2	11	
Spitzer	IRAC4	16.25	71.4286	13.7464	3	8	
Spitzer	IRAC4	16.75	124.339	18.1367	3	8	
Spitzer	IRAC4	17.25	219.577	24.1017	3	8	
Spitzer	IRAC4	17.75	326.011	29.5157	3	8	
Spitzer	IRAC4	18.25	483.209	36.1167	3	8	
Spitzer	IRAC4	18.75	911.229	49.3458	3	8	
Spitzer	IRAC4	19.25	1548.32	65.6632	3	8	
Spitzer	IRAC4	19.75	2907.27	89.9777	3	8	
Spitzer	IRAC4	20.25	5018.01	118.838	3	8	
Spitzer	IRAC4	20.75	7533.67	150.493	3	8	
Spitzer	IRAC4	21.25	9232.47	175.833	3	8	
WISE	W2	10.0	0.00559043372	0.00559043372	1	5	
WISE	W2	10.5	0.00559043372	0.00559043372	1	5	
WISE	W2	11.0	0.0111808674	0.00790606719	1	5	
WISE	W2	11.5	0.0279521681	0.0125005897	1	5	
WISE	W2	12.0	0.0279521681	0.0125005897	1	5	
WISE	W2	12.5	0.0447234698	0.0158121344	1	5	
WISE	W2	13.0	0.0670852065	0.0193658303	1	5	
WISE	W2	13.5	0.156532139	0.0295817945	1	5	
WISE	W2	14.0	0.357787758	0.0447234698	1	5	
WISE	W2	14.5	0.721165955	0.0634951219	1	5	
WISE	W2	15.0	1.47587454	0.0908337981	1	5	
WISE	W2	15.5	2.99647236	0.129427895	1	5	
WISE	W2	16.0	6.71411085	0.193738967	1	5	
WISE	W2	16.5	16.9781475	0.308083117	1	5	
WISE	W2	17.0	39.6138115	0.470593661	1	5	
WISE	W2	17.5	91.3197327	0.714504659	1	5	
WISE	W2	18.0	199.556122	1.0562222	1	5	
WISE	W3	8.5	0.00559043372	0.00559043372	1	5	
WISE	W3	9.0	0.00559043372	0.00559043372	1	5	
WISE	W3	10.0	0.0167713016	0.00968291517	1	5	
WISE	W3	10.5	0.00559043372	0.00559043372	1	5	
WISE	W3	11.0	0.0335426033	0.0136937108	1	5	
WISE	W3	11.5	0.0111808674	0.00790606719	1	5	
WISE	W3	12.0	0.0894469395	0.0223617349	1	5	
WISE	W3	12.5	0.195665181	0.0330734514	1	5	
WISE	W3	13.0	0.385739923	0.0464376286	1	5	
WISE	W3	13.5	0.900059819	0.0709346533	1	5	
WISE	W3	14.0	1.71626318	0.0979523137	1	5	
WISE	W3	14.5	3.45488811	0.138975978	1	5	
WISE	W3	15.0	7.54149485	0.205329567	1	5	
WISE	W3	15.5	16.1451721	0.300430566	1	5	
WISE	W3	16.0	36.9136353	0.454272181	1	5	
WISE	W3	16.5	79.4009323	0.666247427	1	5	
WISE	W3	17.0	138.245834	0.879121304	1	5	
WISE	W4	8.0	0.00559043372	0.00559043372	1	5	
WISE	W4	8.5	0.00559043372	0.00559043372	1	5	
WISE	W4	9.0	0.00559043372	0.00559043372	1	5	
WISE	W4	9.5	0.0167713016	0.00968291517	1	5	
WISE	W4	10.0	0.0335426033	0.0136937108	1	5	
WISE	W4	10.5	0.0279521681	0.0125005897	1	5	
WISE	W4	11.0	0.0894469395	0.0223617349	1	5	
WISE	W4	11.5	0.156532139	0.0295817945	1	5	
WISE	W4	12.0	0.318654716	0.0422068462	1	5	
WISE	W4	12.5	0.687623322	0.062000908	1	5	
WISE	W4	13.0	1.17399108	0.0810130835	1	5	
WISE	W4	13.5	2.76167417	0.124253593	1	5	
WISE	W4	14.0	5.21028423	0.170668527	1	5	
WISE	W4	14.5	11.611331	0.254779071	1	5	
WISE	W4	15.0	31.205801	0.417676866	1	5	
Spitzer	MIPS24	14.5	13.6986303	3.66111326	2	11	
Spitzer	MIPS24	15.0	21.5264206	4.58944798	2	11	
Spitzer	MIPS24	15.5	56.7514687	7.45183325	2	11	
Spitzer	MIPS24	16.0	111.54599	10.4472399	2	11	
Spitzer	MIPS24	16.5	251.467728	15.6861258	2	11	
Spitzer	MIPS24	17.0	591.976562	24.0672703	2	11	
Spitzer	MIPS24	17.5	1321.91785	35.9647293	2	11	
Spitzer	MIPS24	12.2263	0.803189	0.365086	3	3	
Spitzer	MIPS24	12.6017	1.13723	0.429045	3	3	
Spitzer	MIPS24	12.9771	2.26891	0.62212	3	3		
Spitzer	MIPS24	13.3526	3.1089	0.699502	3	3	
Spitzer	MIPS24	13.728	4.95209	0.898713	3	3	
Spitzer	MIPS24	14.1034	7.7907	1.11667	3	3	
Spitzer	MIPS24	14.4788	13.7885	1.47077	3	3	
Spitzer	MIPS24	14.8542	22.1261	1.82215	3	3	
Spitzer	MIPS24	15.2297	46.0707	2.9946	3	3	
Spitzer	MIPS24	15.6051	78.2774	3.58771	3	3	
Spitzer	MIPS24	15.9805	133.922	4.84891	3	3	
Spitzer	MIPS24	16.3559	228.851	6.37514	3	3	
Spitzer	MIPS24	16.7313	474.47	11.1095	3	3	
Spitzer	MIPS24	17.1068	983.119	15.5661	3	3	
Spitzer	MIPS24	17.4822	1855.99	33.0598	3	3	
Spitzer	MIPS24	17.8576	3408.03	61.5909	3	3	
Spitzer	MIPS24	18.233	4941.67	220.922	3	3	
Spitzer	MIPS24	18.6085	6379.5	146.111	3	3	
Spitzer	MIPS24	18.9839	8012.86	844.993	3	3	
Spitzer	MIPS24	19.3593	8973.14	1443.95	3	3	
Spitzer	MIPS24	19.7347	10952.6	1971.46	3	3	
Spitzer	MIPS24	20.1101	12923.0	2429.53	3	3	
Spitzer	MIPS24	11.7074	0.349507	0.0725391	4	2	
Spitzer	MIPS24	12.4071	0.835217	0.113543	4	2	
Spitzer	MIPS24	13.1069	1.83994	0.166807	4	2	
Spitzer	MIPS24	13.8067	6.22673	0.305362	4	2	
Spitzer	MIPS24	14.5065	19.1108	0.523105	4	2	
Spitzer	MIPS24	15.0328	40.3066	1.29789	4	2	
Spitzer	MIPS24	15.2905	55.5587	1.5433	4	2	
Spitzer	MIPS24	15.5477	81.2947	1.7609	4	2	
Spitzer	MIPS24	15.8053	118.708	2.09361	4	2	
Spitzer	MIPS24	16.0629	181.641	2.68876	4	2	
Spitzer	MIPS24	16.3208	278.492	3.41184	4	2	
Spitzer	MIPS24	16.5787	443.139	4.26095	4	2	
Spitzer	MIPS24	16.8361	705.116	5.21021	4	2	
Spitzer	MIPS24	17.0923	1136.49	7.41998	4	2	
Spitzer	MIPS24	17.3511	1832.97	10.6054	4	2	
Spitzer	MIPS24	17.6072	2818.87	20.1348	4	2	
Spitzer	MIPS24	17.8661	3471.73	53.9648	4	2	
Spitzer	MIPS24	18.1253	4619.62	66.8765	4	2	
Spitzer	MIPS24	18.3836	5782.74	80.8262	4	2	
Spitzer	MIPS24	18.6361	6673.72	104.114	4	2	
Spitzer	MIPS24	18.8998	7879.71	194.746	4	2	
Spitzer	MIPS24	19.1504	7663.13	317.533	4	2	
Spitzer	MIPS24	19.4064	8499.71	361.69	4	2	
Spitzer	MIPS24	19.6747	9340.79	436.486	4	2	
Spitzer	MIPS24	19.9173	10675.1	610.007	4	2	
Spitzer	MIPS70	11.0	3.91389441	1.95694721	2	12	
Spitzer	MIPS70	11.5	5.87084198	2.39676118	2	12	
Spitzer	MIPS70	12.0	20.5479469	4.48392963	2	12	
Spitzer	MIPS70	12.5	48.9236794	6.91885328	2	12	
Spitzer	MIPS70	13.0	60.6653633	7.70450878	2	12	
Spitzer	MIPS70	13.5	179.060669	13.2365456	2	12	
Spitzer	MIPS70	12.5316	56.4206	53.3771	3	5	
Spitzer	MIPS70	12.7819	83.6704	64.1583	3	5	
Spitzer	MIPS70	13.0323	225.676	103.727	3	5	
Spitzer	MIPS70	13.2822	109.505	83.7781	3	5	
Spitzer	MIPS70	13.533	234.042	110.028	3	5	
Spitzer	MIPS70	13.7828	292.217	122.415	3	5	
Spitzer	MIPS70	14.0338	307.09	128.419	3	5	
Spitzer	MIPS70	14.2834	475.351	157.575	3	5	
Spitzer	MIPS70	14.5343	631.24	178.232	3	5	
Spitzer	MIPS70	14.7836	984.712	219.989	3	5	
Spitzer	MIPS70	15.0353	1519.57	266.852	3	5	
Spitzer	MIPS70	15.2839	1890.91	282.07	3	5	
Spitzer	MIPS70	15.5371	2385.19	325.926	3	5	
Spitzer	MIPS70	15.7857	2985.56	354.927	3	5	
Spitzer	MIPS70	16.0373	3457.19	413.681	3	5	
Spitzer	MIPS70	16.2857	3579.73	457.873	3	5	
Spitzer	MIPS70	9.24905	0.578722	0.0938668	4	2	
Spitzer	MIPS70	10.0833	1.59558	0.155819	4	2	
Spitzer	MIPS70	10.9176	5.79964	0.298113	4	2	
Spitzer	MIPS70	11.5799	13.869	0.688226	4	2	
Spitzer	MIPS70	11.9443	23.9681	0.914424	4	2	
Spitzer	MIPS70	12.3087	41.0912	1.22635	4	2	
Spitzer	MIPS70	12.673	71.0239	1.91656	4	2	
Spitzer	MIPS70	13.0374	78.3509	7.02678	4	2	
Spitzer	MIPS70	13.4018	178.529	11.2387	4	2	
Spitzer	MIPS70	13.7662	264.305	15.4439	4	2	
Spitzer	MIPS70	14.1306	350.844	59.9965	4	2	
Spitzer	MIPS70	14.4951	691.775	85.4849	4	2	
Spitzer	MIPS70	14.8594	1176.56	149.837	4	2	
Spitzer	MIPS70	15.1307	1367.5	174.135	4	2	
Spitzer	MIPS70	15.5915	2269.69	285.27	4	2	
Spitzer	MIPS70	15.9924	3301.26	409.269	4	2	
Spitzer	MIPS70	16.4858	3459.12	428.374	4	2	
Spitzer	MIPS70	16.9036	4927.71	1162.83	4	2	
Spitzer	MIPS70	17.4702	5124.89	1499.97	4	2	
Herschel	PACS100	8.5	0.193659976	0.0359617546	1	5	
Herschel	PACS100	9.0	0.474133044	0.0562692396	1	5	
Herschel	PACS100	9.5	0.814707518	0.0737601519	1	5	
Herschel	PACS100	10.5	2.93542099	1.69476604	2	11	
Herschel	PACS100	11.0	11.741684	3.38953209	2	11	
Herschel	PACS100	11.5	23.4833679	4.79352236	2	11	
Herschel	PACS100	12.0	67.514679	8.12781239	2	11	
Herschel	PACS100	12.5	114.481415	10.5838108	2	11	
Herschel	PACS100	13.0	281.800415	16.6052475	2	11	
Herschel	PACS100	13.5	545.009827	23.0928059	2	11	
Herschel	PACS100	14.0	1141.87866	33.4260101	2	11	
Herschel	PACS100	14.5	1645.7926	40.1293488	2	11	
Herschel	PACS100	11.03	11.8792	4.33312	3	5	
Herschel	PACS100	11.2802	20.6514	5.57921	3	5	
Herschel	PACS100	11.5305	25.7611	6.35206	3	5	
Herschel	PACS100	11.7807	49.0924	8.72201	3	5	
Herschel	PACS100	12.0311	68.4201	10.3276	3	5	
Herschel	PACS100	12.2813	106.077	14.2541	3	5	
Herschel	PACS100	12.5316	146.787	33.946	3	5	
Herschel	PACS100	12.7819	230.507	36.7092	3	5	
Herschel	PACS100	13.0323	372.39	37.8464	3	5	
Herschel	PACS100	13.2822	509.265	84.4377	3	5	
Herschel	PACS100	13.533	685.343	113.758	3	5	
Herschel	PACS100	13.7828	980.638	117.15	3	5	
Herschel	PACS100	14.0338	1317.69	227.06	3	5	
Herschel	PACS100	14.2834	1751.71	131.312	3	5	
Herschel	PACS100	14.5343	2253.9	207.938	3	5	
Herschel	PACS100	14.7836	2650.34	303.794	3	5	
Herschel	PACS100	15.0353	3350.47	118.601	3	5	
Herschel	PACS100	15.2839	4335.51	428.328	3	5	
Herschel	PACS100	15.5371	5511.11	488.889	3	5	
Herschel	PACS100	15.7857	6534.84	542.83	3	5	
Herschel	PACS100	16.0373	7623.55	650.07	3	5	
Herschel	PACS100	13.0323	264.457	95.784	4	9	
Herschel	PACS100	13.2828	551.946	131.384	4	9	
Herschel	PACS100	13.533	545.477	132.406	4	9	
Herschel	PACS100	13.7838	554.895	137.076	4	9	
Herschel	PACS100	14.0338	1092.49	189.837	4	9	
Herschel	PACS100	14.2834	1502.21	220.605	4	9	
Herschel	PACS100	14.5343	2320.73	267.349	4	9	
Herschel	PACS100	14.786	2858.9	289.043	4	9	
Herschel	PACS100	15.0353	3550.61	311.327	4	9	
Herschel	PACS100	15.2878	4484.54	346.581	4	9	
Herschel	PACS100	15.5371	5377.78	385.185	4	9	
Herschel	PACS100	15.7857	5762.35	396.683	4	9	
Herschel	PACS100	16.0373	5614.24	384.132	4	9	
Herschel	PACS100	16.2857	5369.6	416.248	4	9	
Herschel	PACS100	13.0323	442.008	300.902	5	9	
Herschel	PACS100	13.533	500.72	340.34	5	9	
Herschel	PACS100	13.7838	815.868	419.137	5	9	
Herschel	PACS100	14.0338	876.602	472.732	5	9	
Herschel	PACS100	14.2834	1977.56	651.309	5	9	
Herschel	PACS100	14.5343	2428.42	716.643	5	9	
Herschel	PACS100	14.786	1844.62	646.406	5	9	
Herschel	PACS100	15.0353	2764.88	763.493	5	9	
Herschel	PACS100	15.2878	3885.9	892.708	5	9	
Herschel	PACS100	15.5371	5318.52	1037.04	5	9	
Herschel	PACS100	15.7857	5845.86	1064.78	5	9	
Herschel	PACS100	16.0373	5761.98	1063.75	5	9	
Herschel	PACS100	16.2857	7409.22	1165.49	5	9	
Herschel	PACS100	16.5452	7979.76	1191.01	5	9	
Herschel	PACS100	16.7908	7605.43	1170.07	5	9	
Herschel	PACS100	17.0487	7039.47	1193.13	5	9	
Herschel	PACS160	8.5	0.233686984	0.039500311	1	5	
Herschel	PACS160	9.0	0.500757813	0.0578225367	1	5	
Herschel	PACS160	9.5	0.941424727	0.0792822614	1	5	
Herschel	PACS160	10.0	1.95694721	1.3837707	2	11	
Herschel	PACS160	10.5	2.93542099	1.69476604	2	11	
Herschel	PACS160	11.0	22.5048943	4.69259501	2	11	
Herschel	PACS160	11.5	48.9236794	6.91885328	2	11	
Herschel	PACS160	12.0	128.180038	11.1991425	2	11	
Herschel	PACS160	12.5	321.917816	17.7479038	2	11	
Herschel	PACS160	13.0	811.154663	28.1725655	2	11	
Herschel	PACS160	10.5294	9.07089	3.58994	3	5	
Herschel	PACS160	10.7797	16.9027	4.92475	3	5	
Herschel	PACS160	11.03	24.9965	6.04278	3	5	
Herschel	PACS160	11.2802	42.6768	6.53683	3	5	
Herschel	PACS160	11.5305	60.9327	18.7033	3	5	
Herschel	PACS160	11.7807	101.84	31.15	3	5	
Herschel	PACS160	12.0311	160.195	23.9412	3	5	
Herschel	PACS160	12.2813	280.938	55.0274	3	5	
Herschel	PACS160	12.5316	474.073	58.7617	3	5	
Herschel	PACS160	12.7819	724.592	79.3711	3	5	
Herschel	PACS160	13.0323	937.749	142.975	3	5	
Herschel	PACS160	13.2822	1208.52	56.7316	3	5	
Herschel	PACS160	13.533	1649.49	173.434	3	5	
Herschel	PACS160	13.7828	2252.18	92.1405	3	5	
Herschel	PACS160	14.0338	2760.09	178.67	3	5	
Herschel	PACS160	14.2834	3674.12	42.02	3	5	
Herschel	PACS160	14.5343	4388.97	59.4108	3	5	
Herschel	PACS160	14.7836	4829.28	450.453	3	5	
Herschel	PACS160	15.0353	5181.37	466.991	3	5	
Herschel	PACS160	15.2839	5975.7	511.904	3	5	
Herschel	PACS160	12.0311	138.718	66.0729	4	9	
Herschel	PACS160	12.2813	183.48	77.5687	4	9	
Herschel	PACS160	12.5319	370.284	109.844	4	9	
Herschel	PACS160	12.7819	594.953	139.23	4	9	
Herschel	PACS160	13.0323	910.182	169.608	4	9	
Herschel	PACS160	13.2822	1112.2	184.048	4	9	
Herschel	PACS160	13.533	1599.13	216.326	4	9	
Herschel	PACS160	13.7838	2467.37	266.244	4	9	
Herschel	PACS160	14.0338	3104.4	295.923	4	9	
Herschel	PACS160	14.2834	4083.82	336.16	4	9	
Herschel	PACS160	14.5343	5332.12	382.457	4	9	
Herschel	PACS160	14.786	6227.57	409.916	4	9	
Herschel	PACS160	15.0353	6523.04	415.103	4	9	
Herschel	PACS160	15.2839	6769.67	428.328	4	9	
Herschel	PACS160	15.5371	7274.07	459.259	4	9	
Herschel	PACS160	12.7819	727.238	412.399	5	9	
Herschel	PACS160	13.0323	1156.88	492.937	5	9	
Herschel	PACS160	13.2822	701.229	410.974	5	9	
Herschel	PACS160	13.533	1386.54	552.937	5	9	
Herschel	PACS160	13.7838	2476.6	713.06	5	9	
Herschel	PACS160	14.0338	2475.33	718.404	5	9	
Herschel	PACS160	14.2834	4036.54	871.914	5	9	
Herschel	PACS160	14.5343	5599.47	1039.69	5	9	
Herschel	PACS160	14.786	5197.53	1014.28	5	9	
Herschel	PACS160	15.0353	6389.62	1141.53	5	9	
Herschel	PACS160	15.2839	7897.95	1201.41	5	9	
Herschel	PACS160	15.5371	9614.81	1348.15	5	9	
Herschel	PACS160	15.7857	10251.1	1503.22	5	9	
Herschel	PACS160	16.0373	10608.0	1447.88	5	9	
Spitzer	MIPS160	8.46935	0.389096	0.0830777	6	2	
Spitzer	MIPS160	9.22277	1.48686	0.162751	6	2		
Spitzer	MIPS160	9.79211	2.48069	0.345076	6	2		
Spitzer	MIPS160	10.0667	4.10917	0.445408	6	2		
Spitzer	MIPS160	10.3412	6.01176	0.54157	6	2			
Spitzer	MIPS160	10.6157	11.6903	0.766681	6	2		
Spitzer	MIPS160	10.8902	18.4316	1.0083	6	2	
Spitzer	MIPS160	11.1648	37.033	1.58361	6	2	
Spitzer	MIPS160	11.4393	60.7377	7.12149	6	2	
Spitzer	MIPS160	11.7139	99.7881	9.75111	6	2	
Spitzer	MIPS160	11.9884	161.174	13.4222	6	2	
Spitzer	MIPS160	12.2629	265.834	20.6926	6	2	
Spitzer	MIPS160	12.2765	322.823	77.9216	6	2	
Spitzer	MIPS160	12.5938	412.526	66.5091	6	2	
Spitzer	MIPS160	12.8893	778.562	105.228	6	2	
Spitzer	MIPS160	13.1721	1236.97	162.82	6	2	
Spitzer	MIPS160	13.6347	1997.49	250.066	6	2	
Spitzer	MIPS160	13.9544	2939.54	375.562	6	2	
Spitzer	MIPS160	14.3445	3682.2	453.756	6	2	
Spitzer	MIPS160	14.7341	4515.37	590.082	6	2	
Spitzer	MIPS160	15.1852	6046.08	1924.6	6	2	
Herschel	SPIRE250	8.5	0.0410334952	0.0167518556	1	5	
Herschel	SPIRE250	9.0	0.170972899	0.0341945812	1	5	
Herschel	SPIRE250	9.5	0.410334975	0.0529740192	1	5	
Herschel	SPIRE250	10.0	0.834347785	0.0755382925	1	5	
Herschel	SPIRE250	10.5	2.15425849	0.12137872	1	5	
Herschel	SPIRE250	11.5	31.3111553	5.53508282	2	12	
Herschel	SPIRE250	12.0	114.481415	10.5838108	2	12	
Herschel	SPIRE250	12.5	428.571442	20.4779358	2	12	
Herschel	SPIRE250	13.0	1090.99805	32.6728172	2	12	
Herschel	SPIRE250	10.7221	2.45677	2.03916	3	5	
Herschel	SPIRE250	11.0972	1.66672	1.67934	3	5	
Herschel	SPIRE250	11.4732	30.656	7.58976	3	5	
Herschel	SPIRE250	11.8482	74.0259	11.8972	3	5	
Herschel	SPIRE250	12.2243	189.213	20.1131	3	5	
Herschel	SPIRE250	12.5984	524.327	41.443	3	5	
Herschel	SPIRE250	12.9732	1002.46	67.0379	3	5	
Herschel	SPIRE250	13.3518	2237.64	179.088	3	5	
Herschel	SPIRE250	13.7266	3452.72	257.729	3	5	
Herschel	SPIRE250	14.1052	5169.0	542.017	3	5	
Herschel	SPIRE250	14.4709	7317.3	1071.84	3	5	
Herschel	SPIRE250	14.8586	5899.2	758.023	3	5	
Herschel	SPIRE250	15.2244	6819.3	1126.06	3	5	
Herschel	SPIRE250	15.612	8000.36	1321.37	3	5	
Herschel	SPIRE250	8.5	0.0683229789	0.020600155	4	2	
Herschel	SPIRE250	9.0	0.229813665	0.0377811342	4	2	
Herschel	SPIRE250	9.5	0.509316742	0.0562446304	4	2	
Herschel	SPIRE250	10.0	1.04347825	0.0805060938	4	2	
Herschel	SPIRE250	10.5	2.66459632	0.128647923	4	2	
Herschel	SPIRE250	11.0	7.11801243	0.210264742	4	2	
Herschel	SPIRE250	11.5	33.8509331	0.458534867	4	2	
Herschel	SPIRE350	9.5	0.0614502206	0.0204834081	1	5	
Herschel	SPIRE350	10.0	0.163867265	0.0334492661	1	5	
Herschel	SPIRE350	11.5	5.87084198	2.39676118	2	12	
Herschel	SPIRE350	12.0	55.772995	7.38731384	2	12	
Herschel	SPIRE350	12.5	275.929565	16.431366	2	12	
Herschel	SPIRE350	13.0	619.373779	24.617897	2	12	
Herschel	SPIRE350	11.0972	0.536632	0.861768	3	5	
Herschel	SPIRE350	11.4732	6.16834	3.3414	3	5	
Herschel	SPIRE350	11.8482	31.0288	7.36789	3	5	
Herschel	SPIRE350	12.2243	135.962	17.7504	3	5	
Herschel	SPIRE350	12.5984	382.985	36.2815	3	5	
Herschel	SPIRE350	12.9732	783.944	67.4582	3	5	
Herschel	SPIRE350	13.3518	1717.1	223.807	3	5	
Herschel	SPIRE350	13.7266	2900.88	270.33	3	5	
Herschel	SPIRE350	14.1052	4774.72	636.228	3	5	
Herschel	SPIRE350	14.4709	7142.31	1281.03	3	5	
Herschel	SPIRE350	14.8586	5649.17	791.474	3	5	
Herschel	SPIRE350	15.2244	6526.28	1096.01	3	5	
Herschel	SPIRE350	15.612	7551.35	2152.03	3	5	
Herschel	SPIRE350	9.5	0.111801244	0.0263518039	4	2	
Herschel	SPIRE350	10.0	0.347826093	0.0464802161	4	2	
Herschel	SPIRE350	10.5	0.70807451	0.0663172528	4	2	
Herschel	SPIRE350	11.0	2.23602486	0.117848851	4	2	
Herschel	SPIRE350	11.5	16.3229809	0.318410069	4	2	
Herschel	SPIRE350	12.0	110.931679	0.830070257	4	2	
Herschel	SPIRE350	12.5	211.09938	1.14506602	4	2	
Herschel	SPIRE500	9.5	0.0204170514	0.0117877899	1	5	
Herschel	SPIRE500	10.0	0.0340284184	0.015217972	1	5	
Herschel	SPIRE500	10.5	0.0884738937	0.0245382413	1	5	
Herschel	SPIRE500	12.0	14.677104	3.78961205	2	12	
Herschel	SPIRE500	12.5	87.0841522	9.23090172	2	12	
Herschel	SPIRE500	13.0	267.123291	16.1670361	2	12	
Herschel	SPIRE500	11.4732	1.07137	1.21988	3	5	
Herschel	SPIRE500	11.8482	3.05216	2.2335	3	5	
Herschel	SPIRE500	12.2243	17.0924	5.12922	3	5	
Herschel	SPIRE500	12.5984	113.956	16.4369	3	5	
Herschel	SPIRE500	12.9732	264.705	28.3703	3	5	
Herschel	SPIRE500	13.3518	534.358	188.868	3	5	
Herschel	SPIRE500	13.7266	1178.92	248.338	3	5	
Herschel	SPIRE500	14.1052	2294.35	343.972	3	5	
Herschel	SPIRE500	14.4709	4041.0	585.729	3	5	
Herschel	SPIRE500	14.8586	4107.05	617.418	3	5	
Herschel	SPIRE500	15.2244	4898.7	735.368	3	5	
Herschel	SPIRE500	15.612	5556.47	1385.51	3	5	
Herschel	SPIRE500	10.0	0.0496894419	0.0175678693	4	2	
Herschel	SPIRE500	10.5	0.161490679	0.031670928	4	2	
Herschel	SPIRE500	11.0	0.360248446	0.047302939	4	2	
Herschel	SPIRE500	11.5	2.46583843	0.123756886	4	2	
Herschel	SPIRE500	12.0	25.3788815	0.397029966	4	2	
Herschel	SPIRE500	12.5	92.7515564	0.759010255	4	2	
