#frequency ebl ebl1 ebl2 type
10000000000.0 8.35991873527e-10 3.07236998724e-12 3.07236998724e-12 2.0
30000000000.0 2.23478048132e-08 2.65452766897e-10 2.65452766897e-10 2.0
600000000.0 2.49326511308e-13 8.69357811589e-15 8.69357811589e-15 2.0
820000000.0 5.40557472594e-13 7.28422792903e-14 7.28422792903e-14 2.0
2500000000.0 1.19054337005e-11 1.36816475994e-12 1.36816475994e-12 2.0
150000000.0 4.28514387438e-14 2.38492720259e-15 2.38492720259e-15 2.0
178000000.0 4.42290670719e-14 5.19822143408e-15 5.19822143408e-15 2.0
408000000.0 1.11125669964e-13 4.17334222005e-15 4.17334222005e-15 2.0
610000000.0 2.53528722469e-13 4.88158728451e-15 4.88158728451e-15 2.0
1400000000.0 2.37784600425e-12 5.90140827149e-15 5.90140827149e-15 2.0
2700000000.0 1.65485619073e-11 2.41893833835e-14 2.41893833835e-14 2.0
5000000000.0 1.04798540265e-10 1.15213874521e-14 1.15213874521e-14 2.0
8440000000.0 5.03514946408e-10 2.77071663999e-14 2.77071663999e-14 2.0
150000000.0 2.12834014334e-14 3.11077461208e-16 3.11077461208e-16 2.0
325000000.0 5.82767307199e-14 6.32812205809e-15 6.32812205809e-15 2.0
408000000.0 9.02589588642e-14 6.26001333008e-16 6.26001333008e-16 2.0
610000000.0 2.39581330228e-13 6.27632650866e-15 6.27632650866e-15 2.0
1400000000.0 2.39049187911e-12 1.686116649e-14 1.686116649e-14 2.0
4800000000.0 9.27156435242e-11 6.79559083257e-15 6.79559083257e-15 2.0
8400000000.0 4.96422619451e-10 9.10502990458e-15 9.10502990458e-15 2.0
3200000000.0 2.72922742669e-11 1.00649948675e-13 1.00649948675e-13 2.0
3410000000.0 3.27584998899e-11 9.7431707659e-14 9.7431707659e-14 2.0
7980000000.0 4.01864745459e-10 2.02641929824e-12 2.02641929824e-12 2.0
8330000000.0 4.52482765844e-10 2.65907851654e-12 2.65907851654e-12 2.0
9720000000.0 7.06602116839e-10 1.40729982965e-12 1.40729982965e-12 2.0
10490000000.0 8.84493431123e-10 2.1219150571e-12 2.1219150571e-12 2.0
29500000000.0 1.48822804263e-08 1.19112849359e-09 1.19112849359e-09 2.0
31000000000.0 1.73942549101e-08 6.76558798108e-10 6.76558798108e-10 2.0
90000000000.0 2.4589784817e-07 3.45642403336e-09 3.45642403336e-09 2.0
22000000.0 6.65905575459e-14 1.69494319318e-14 1.69494319318e-14 1.0
45000000.0 1.08180267681e-13 1.40544796983e-14 1.40544796983e-14 1.0
408000000.0 2.79827018184e-13 7.3450810042e-14 7.3450810042e-14 1.0
1420000000.0 2.84765329369e-12 4.62709676469e-13 4.62709676469e-13 1.0
1400000000.0 2.38206129587e-12 2.38206129587e-13 2.38206129587e-13 2.0
3020000000.0 2.31743247261e-11 2.31743247261e-12 2.31743247261e-12 2.0
3000000000.0 2.27293931656e-11 8.29539896554e-15 8.29539896554e-14 2.0
1400000000.0 2.39470717074e-12 8.43058324498e-16 8.43058324498e-15 2.0
1750000000.0 4.60800531466e-12 1.64659829004e-14 1.64659829004e-14 2.0
68052784000.0 1.36597589628e-07 9.52738976e-12 9.52738976e-12 2.0
81543424000.0 2.03457366354e-07 1.549325056e-11 1.549325056e-11 2.0
95333856000.0 2.79351078205e-07 2.3833464e-11 2.3833464e-11 2.0
108824496000.0 3.56694050539e-07 2.502963408e-11 2.502963408e-11 2.0
122315136000.0 4.330946567e-07 2.690932992e-11 2.690932992e-11 2.0
136105568000.0 5.06420236359e-07 2.858216928e-11 2.858216928e-11 2.0
149596208000.0 5.70699061785e-07 2.692731744e-11 2.692731744e-11 2.0
163386640000.0 6.26551819339e-07 2.94095952e-11 2.94095952e-11 2.0
176877280000.0 6.70189782693e-07 2.83003648e-11 2.83003648e-11 2.0
190367920000.0 7.02139710374e-07 2.66515088e-11 2.66515088e-11 2.0
204158352000.0 7.22849185842e-07 2.654058576e-11 2.654058576e-11 2.0
217648992000.0 7.31905677318e-07 2.611787904e-11 2.611787904e-11 2.0
231139632000.0 7.3057690324e-07 2.542535952e-11 2.542535952e-11 2.0
244930064000.0 7.19908241311e-07 2.44930064e-11 2.44930064e-11 2.0
258420704000.0 7.01436485281e-07 2.842627744e-11 2.842627744e-11 2.0
272211136000.0 6.75734201895e-07 3.266533632e-11 3.266533632e-11 2.0
285701776000.0 6.45514592694e-07 3.999824864e-11 3.999824864e-11 2.0
299192416000.0 6.1133088784e-07 4.787078656e-11 4.787078656e-11 2.0
312982848000.0 5.73578626902e-07 5.633691264e-11 5.633691264e-11 2.0
326473488000.0 5.3486151539e-07 7.182416736e-11 7.182416736e-11 2.0
339964128000.0 4.9549771656e-07 7.479210816e-11 7.479210816e-11 2.0
353754560000.0 4.55759687376e-07 8.13635488e-11 8.13635488e-11 2.0
367245200000.0 4.17073028736e-07 8.4466396e-11 8.4466396e-11 2.0
381035632000.0 3.7894374638e-07 8.763819536e-11 8.763819536e-11 2.0
394526272000.0 3.43379886098e-07 8.679577984e-11 8.679577984e-11 2.0
408016912000.0 3.09586912149e-07 8.568355152e-11 8.568355152e-11 2.0
421807344000.0 2.77405817855e-07 8.43614688e-11 8.43614688e-11 2.0
435297984000.0 2.48154674719e-07 8.270661696e-11 8.270661696e-11 2.0
448788624000.0 2.20907224392e-07 8.526983856e-11 8.526983856e-11 2.0
462579056000.0 1.955182896e-07 8.789002064e-11 8.789002064e-11 2.0
476069696000.0 1.7306085589e-07 9.997463616e-11 9.997463616e-11 2.0
489860128000.0 1.52160352959e-07 1.1266782944e-10 1.1266782944e-10 2.0
503350768000.0 1.33790634134e-07 1.3087119968e-10 1.3087119968e-10 2.0
516841408000.0 1.17033568428e-07 1.4471559424e-10 1.4471559424e-10 2.0
530631840000.0 1.02173160792e-07 1.59189552e-10 1.59189552e-10 2.0
544122480000.0 8.91871156968e-08 1.741191936e-10 1.741191936e-10 2.0
557912912000.0 7.70533522763e-08 1.8411126096e-10 1.8411126096e-10 2.0
571403552000.0 6.69456401523e-08 1.999912432e-10 1.999912432e-10 2.0
584894192000.0 5.80273527883e-08 2.3980661872e-10 2.3980661872e-10 2.0
598684624000.0 5.00739819514e-08 3.292765432e-10 3.292765432e-10 2.0
612175264000.0 4.33848609597e-08 5.3871423232e-10 5.3871423232e-10 2.0
625665904000.0 3.6294879091e-08 9.697821512e-10 9.697821512e-10 2.0
639456336000.0 2.89226100773e-08 1.80326686752e-09 1.80326686752e-09 2.0
4.28274285714e+13 1.7e-09 5e-10 5e-10 0.0
1.99861333333e+13 3.3e-09 1.3e-09 1.3e-09 0.0
2.49826666667e+13 5e-10 1.5e-10 1.5e-10 0.0
4.99653333333e+12 2.81e-08 8.8e-09 8.8e-09 1.0
2.99792e+12 2.46e-08 1.05e-08 1.05e-08 1.0
6.11820408163e+13 2.2e-08 1.2e-08 1.2e-08 1.0
8.32755555556e+13 5.4e-09 5.4e-10 5.4e-10 0.0
6.66204444444e+13 3.5e-09 3.5e-10 3.5e-10 0.0
5.16882758621e+13 3.6e-09 3.6e-10 3.6e-10 0.0
3.7474e+13 2.6e-09 2.6e-10 2.6e-10 0.0
2.14137142857e+12 2.50000000131e-08 8e-09 8e-09 1.0
1.24913333333e+12 1.30100584385e-08 3e-09 3e-09 1.0
1.199168e+12 8.62059290053e-09 5.9e-10 5.9e-10 2.0
856548571429.0 7.16528886506e-09 3.4e-10 3.4e-10 2.0
599584000000.0 5.1795981881e-08 2e-10 2e-10 2.0
1.99861333333e+13 1.9e-09 5e-10 5e-10 0.0
1.24913333333e+13 2.86e-09 1.6e-10 1.9e-10 0.0
4.28274285714e+12 6.6e-09 6e-10 7e-10 0.0
1.8737e+12 1.46e-08 2.9e-09 7.1e-09 0.0
4.28274285714e+12 1.109e-08 0.0 2e-08 0.0
2.99792e+12 1.261e-08 1.74e-09 8.31e-09 0.0
1.8737e+12 1.363e-08 8.5e-10 3.53e-09 0.0
1.8737e+13 2.2e-09 2e-10 2e-10 0.0
4.61218461538e+12 1.24528984615e-08 1.06080246154e-08 1.06080246154e-08 1.0
3.33102222222e+12 2.23178488889e-08 6.32894222222e-09 6.32894222222e-09 1.0
2.14137142857e+12 2.01288914286e-08 4.49688e-09 4.49688e-09 1.0
1.8737e+12 1.367801e-08 4.68425e-09 4.68425e-09 1.0
1.199168e+12 1.01205929005e-08 2.3e-09 2.6e-09 2.0
856548571429.0 8.73528886506e-09 1.6e-09 1.7e-09 2.0
599584000000.0 5.2325981881e-08 8e-10 9e-10 2.0
1.905001905e+13 5e-09 5e-09 0.0 1.0
666204444444.0 2.58463401176e-08 5.76342440125e-17 1.00859927022e-16 2.0
352696470588.0 4.59558706507e-07 1.38594360602e-17 2.26693101449e-17 2.0
8.32755555556e+13 5.6e-09 1e-09 1e-09 0.0
6.66204444444e+13 4.4e-09 8e-10 8e-10 0.0
857000000000.0 9.92226953259e-09 2e-10 2e-10 2.0
545000000000.0 9.07015209556e-08 1e-10 1e-10 2.0
353000000000.0 4.58778647012e-07 2e-11 2e-11 2.0
217000000000.0 7.32277659371e-07 3e-12 3e-12 2.0
1.875e+13 3.79e-09 2.6e-10 2.6e-10 1.0
8.32755555556e+14 2.87e-09 5.8e-10 4.2e-10 0.0
6.66204444444e+14 4.57e-09 7.3e-10 4.7e-10 0.0
4.47450746269e+14 6.74e-09 1.25e-09 9.4e-10 0.0
3.70113580247e+14 8.04e-09 1.62e-09 9.2e-10 0.0
2.72538181818e+14 9.71e-09 3e-09 1.9e-09 0.0
1.8737e+14 9.02e-09 2.62e-09 1.68e-09 0.0
1.36269090909e+14 7.92e-09 2.04e-09 1.21e-09 0.0
9.99306666667e+14 3.65e-09 7.5e-10 7.5e-10 0.0
6.66204444444e+14 6.1e-09 1.8e-09 1.8e-09 0.0
4.91462295082e+14 7.35e-09 1.55e-09 1.55e-09 0.0
3.70113580247e+14 9.25e-09 1.65e-09 1.65e-09 0.0
2.398336e+14 1.145e-08 1.35e-09 1.35e-09 0.0
1.36269090909e+14 9e-09 1.2e-09 1.2e-09 0.0
1.01246876055e+15 1.7766e-08 1.1844e-08 1.1844e-08 1.0
5.78525665766e+14 5.182e-08 2.591e-08 2.591e-08 1.0
3.66225262644e+14 5.7302e-08 3.2744e-08 3.2744e-08 1.0
2.398336e+14 1.17e-08 2.6e-09 5.6e-09 0.0
1.8737e+14 1.15e-08 1.5e-09 4.5e-09 0.0
1.41411320755e+14 1e-08 8e-10 2.8e-09 0.0
6.81345454545e+14 7.9e-09 4e-09 4e-09 1.0
4.68425e+14 7.7e-09 5.8e-09 5.8e-09 1.0
7.4948e+14 7.2e-09 2e-09 4e-09 1.0
5.76523076923e+14 1.2e-08 1.2e-08 0.0 1.0
1.65832503596e+14 3.1474e-08 6.5998e-09 6.5998e-09 1.0
1.32963143655e+14 2.2633e-08 6.8059e-09 6.8059e-09 1.0
1.22694605877e+14 1.7851e-08 2.9384e-09 2.9384e-09 1.0
1.15830306777e+14 1.6245e-08 3.0729e-09 3.0729e-09 1.0
1.10612109361e+14 1.6158e-08 2.9557e-09 2.9557e-09 1.0
1.06392220882e+14 1.5762e-08 3.2313e-09 3.2313e-09 1.0
1.02841068917e+14 1.5509e-08 2.9947e-09 2.9947e-09 1.0
9.97809951739e+13 1.3882e-08 2.9112e-09 2.9112e-09 1.0
9.70923340998e+13 1.4285e-08 2.3028e-09 2.3028e-09 1.0
9.46940838308e+13 8.7716e-09 2.6992e-09 2.6992e-09 1.0
9.25312509645e+13 9.5626e-09 2.8372e-09 2.8372e-09 1.0
9.05661289348e+13 8.6702e-09 3.4739e-09 3.4739e-09 1.0
8.87641380944e+13 1.2376e-08 3.3936e-09 3.3936e-09 1.0
8.71032599221e+13 1.1277e-08 3.3499e-09 3.3499e-09 1.0
8.55619612992e+13 1.0998e-08 3.3198e-09 3.3198e-09 1.0
8.41238039117e+13 1.4859e-08 3.539e-09 3.539e-09 1.0
8.2778882262e+13 1.3156e-08 3.2647e-09 3.2647e-09 1.0
8.15161649944e+13 7.1844e-09 3.3219e-09 3.3219e-09 1.0
8.03279654886e+13 1.2164e-08 2.991e-09 2.991e-09 1.0
7.92031914613e+13 1.3e-08 3.4501e-09 3.4501e-09 1.0
7.81379831626e+13 1.0619e-08 2.9842e-09 2.9842e-09 1.0
7.71268330332e+13 1.1011e-08 3.1995e-09 3.1995e-09 1.0
7.61647315871e+13 8.3831e-09 3.1047e-09 3.1047e-09 1.0
7.53246231156e+13 1.58e-08 3.15e-09 3.15e-09 1.0
7.72659793814e+13 1.56e-08 2.95e-09 2.95e-09 1.0
7.93100529101e+13 1.285e-08 2.75e-09 2.75e-09 1.0
8.14652173913e+13 1.075e-08 3.45e-09 3.45e-09 1.0
8.37407821229e+13 1.395e-08 2.6e-09 2.6e-09 1.0
8.61471264368e+13 1.265e-08 2.75e-09 2.75e-09 1.0
8.86958579882e+13 1.28e-08 2.7e-09 2.7e-09 1.0
9.14e+13 1.16e-08 2.8e-09 2.8e-09 1.0
9.45716088328e+13 1.5e-08 2.6e-09 2.6e-09 1.0
9.76521172638e+13 1.835e-08 2.6e-09 2.6e-09 1.0
1.00601342282e+14 1.685e-08 2.8e-09 2.8e-09 1.0
1.04094444444e+14 1.86e-08 2.95e-09 2.95e-09 1.0
1.18028346457e+14 2.16e-08 3.35e-09 3.35e-09 1.0
1.2286557377e+14 1.985e-08 3.85e-09 3.85e-09 1.0
1.28116239316e+14 2.265e-08 3.85e-09 3.85e-09 1.0
1.33835714286e+14 2.8e-08 4.15e-09 4.15e-09 1.0
1.40089719626e+14 3.38e-08 4.4e-09 4.4e-09 1.0
1.47680788177e+14 3.62e-08 5.3e-09 5.3e-09 1.0
1.55332642487e+14 3.82e-08 6.1e-09 6.1e-09 1.0
1.63820765027e+14 4.26e-08 6.55e-09 6.55e-09 1.0
1.7329017341e+14 5.02e-08 7.65e-09 7.65e-09 1.0
1.83921472393e+14 5.485e-08 9e-09 9e-09 1.0
1.9594248366e+14 5.635e-08 1.01e-08 1.01e-08 1.0
2.09644755245e+14 5.465e-08 1.095e-08 1.095e-08 1.0
2.398336e+14 6.015e-08 1.614e-08 1.614e-08 1.0
1.36269090909e+14 2.768e-08 6.21e-09 6.21e-09 1.0
8.56548571429e+13 8.9e-09 3.4e-09 3.4e-09 1.0
3.7474e+14 4.11e-08 1.53e-08 1.57e-08 1.0
3.61195180723e+14 3.06e-08 1.47e-08 1.58e-08 1.0
3.48595348837e+14 2.31e-08 1.44e-08 1.51e-08 1.0
3.33102222222e+14 2.96e-08 1.4e-08 1.41e-08 1.0
3.15570526316e+14 3.42e-08 1.37e-08 1.38e-08 1.0
2.99792e+14 3.12e-08 1.35e-08 1.34e-08 1.0
2.85516190476e+14 3.13e-08 1.29e-08 1.31e-08 1.0
2.70082882883e+14 3.67e-08 1.26e-08 1.26e-08 1.0
2.54061016949e+14 3.25e-08 1.22e-08 1.33e-08 1.0
2.398336e+14 3.87e-08 1.16e-08 1.26e-08 1.0
2.25407518797e+14 4.17e-08 1.09e-08 1.13e-08 1.0
2.11121126761e+14 4.27e-08 1.03e-08 1.17e-08 1.0
1.98537748344e+14 3.78e-08 1.01e-08 1.64e-08 1.0
1.8737e+14 4.11e-08 9.3e-09 1.56e-08 1.0
1.76348235294e+14 3.57e-08 8.4e-09 1.33e-08 1.0
1.30344347826e+15 7.8e-09 7.3e-09 7.3e-09 1.0
1.11034074074e+15 1.47e-08 2.1e-09 2.1e-09 1.0
9.3685e+14 2.64e-08 4.9e-09 4.9e-09 1.0
8.10248648649e+14 3.98e-08 9.4e-09 9.4e-09 1.0
7.1379047619e+14 6.04e-08 1.55e-08 1.55e-08 1.0
6.37855319149e+14 8e-08 2.15e-08 2.15e-08 1.0
5.45076363636e+14 8.17e-08 2.45e-08 2.45e-08 1.0
4.61218461538e+14 8.56e-08 2.51e-08 2.51e-08 1.0
5.11725055634e+15 1.412510692e-08 1.412510692e-08 0.0 1.0
1.09024738577e+16 2.32162471001e-09 2.32162471001e-09 0.0 1.0
2.41799437676e+16 6.20792698449e-11 2.71695309735e-11 1.93149676591e-11 1.0
3.37912395996e+16 7.05261468389e-11 2.19318333397e-11 2.51278448804e-11 1.0
2.09896383475e+15 7.94577110976e-09 5.95932833232e-09 5.95932833232e-09 1.0
1.32555337686e+15 1.19186566646e-08 5.95932833232e-09 5.95932833232e-09 1.0
1.83814268863e+15 5.56203977683e-09 6.95254972104e-10 6.95254972104e-10 1.0
1.49896e+15 1.98644277744e-09 1.98644277744e-10 1.98644277744e-10 0.0
3.07580102128e+16 3.39681714942e-11 3.37695272165e-12 3.37695272165e-12 1.0
1.24913333333e+16 7.21078728211e-11 7.21078728211e-11 0.0 1.0
1.76348235294e+16 5.95932833232e-11 5.95932833232e-11 0.0 1.0
3.00311989924e+15 6.15797261006e-09 6.15797261006e-09 0.0 1.0
2.87598084029e+15 8.74034822074e-09 8.74034822074e-09 0.0 1.0
2.9931348094e+15 1.98644277744e-09 5.95932833232e-10 0.0 1.0
4.04239450335e+15 6.35661688781e-09 2.4830534718e-09 0.0 1.0
1.87957366771e+15 2.9e-09 6e-10 9e-10 0.0
1.26761945032e+15 3.6e-09 5e-10 7e-10 0.0
1.87957366771e+15 9.95207831497e-09 2.04603606076e-09 2.04603606076e-09 1.0
1.9594248366e+15 1.03e-09 1.5e-10 1.5e-10 0.0
1.2978008658e+15 2.25e-09 3.2e-10 3.2e-10 0.0
1.9594248366e+15 6.06421251097e-09 5.95932833232e-09 5.95932833232e-09 1.0
1.2978008658e+15 7.66031928264e-09 5.95932833232e-09 5.95932833232e-09 1.0
8.82567947516e+16 2.7875688948e-11 2.87511201e-12 2.87511201e-12 2.0
9.43017806935e+16 2.556999171e-11 2.656734876e-12 2.656734876e-12 2.0
1.05182755389e+17 2.1714986412e-11 2.236162626e-12 2.236162626e-12 2.0
1.18481724461e+17 2.9529459144e-11 3.558281562e-12 3.558281562e-12 2.0
1.29362699157e+17 3.6521212446e-11 4.701436992e-12 4.701436992e-12 2.0
1.36616682287e+17 3.916849446e-11 3.597374754e-12 3.597374754e-12 2.0
1.4145267104e+17 2.9266701624e-11 3.068014482e-12 3.068014482e-12 2.0
1.46288659794e+17 3.0468817278e-11 3.077307126e-12 3.077307126e-12 2.0
1.49915651359e+17 3.937597677e-11 4.86021303e-12 4.86021303e-12 2.0
1.53542642924e+17 3.2800469832e-11 3.117521844e-12 3.117521844e-12 2.0
1.58378631678e+17 3.2240347704e-11 3.031965432e-12 3.031965432e-12 2.0
1.63214620431e+17 2.6551967832e-11 2.724186654e-12 2.724186654e-12 2.0
1.68050609185e+17 3.2634163548e-11 2.976530004e-12 2.976530004e-12 2.0
1.72886597938e+17 2.5474501782e-11 2.619884736e-12 2.619884736e-12 2.0
1.77722586692e+17 2.9090141388e-11 2.772412272e-12 2.772412272e-12 2.0
1.82558575445e+17 2.0846604852e-11 2.345751738e-12 2.345751738e-12 2.0
1.87394564199e+17 2.4784282638e-11 2.544582276e-12 2.544582276e-12 2.0
1.92230552952e+17 2.0333426598e-11 2.305857456e-12 2.305857456e-12 2.0
1.97066541706e+17 2.4468813396e-11 2.523753936e-12 2.523753936e-12 2.0
2.01902530459e+17 2.0510467488e-11 2.321719038e-12 2.321719038e-12 2.0
2.07947516401e+17 1.782104814e-11 1.767524976e-12 1.767524976e-12 2.0
2.13992502343e+17 1.9579600908e-11 2.275255818e-12 2.275255818e-12 2.0
2.18828491097e+17 1.9446940404e-11 2.289995874e-12 2.289995874e-12 2.0
2.2366447985e+17 1.7715945132e-11 2.1949866e-12 2.1949866e-12 2.0
2.28500468604e+17 2.2368515634e-11 2.482898346e-12 2.482898346e-12 2.0
2.33336457357e+17 1.821117897e-11 2.272051458e-12 2.272051458e-12 2.0
2.39381443299e+17 1.7797496094e-11 1.863815994e-12 1.863815994e-12 2.0
2.47844423618e+17 1.5785959104e-11 1.55571678e-12 1.55571678e-12 2.0
2.56307403936e+17 1.7022040974e-11 1.922455782e-12 1.922455782e-12 2.0
2.63561387067e+17 1.8363866724e-11 2.050469964e-12 2.050469964e-12 2.0
2.72024367385e+17 1.8515112516e-11 1.837059588e-12 1.837059588e-12 2.0
2.81696344892e+17 1.8004017096e-11 1.886727168e-12 1.886727168e-12 2.0
2.91368322399e+17 1.7876964222e-11 1.940079762e-12 1.940079762e-12 2.0
2.99831302718e+17 2.0332625508e-11 2.476329408e-12 2.476329408e-12 2.0
3.09503280225e+17 1.665546219e-11 1.813827978e-12 1.813827978e-12 2.0
3.2038425492e+17 1.750301541e-11 2.173196952e-12 2.173196952e-12 2.0
3.30056232427e+17 2.0317565016e-11 2.455020414e-12 2.455020414e-12 2.0
3.39728209934e+17 2.4544115856e-11 2.812787208e-12 2.812787208e-12 2.0
3.51818181818e+17 2.0288084904e-11 2.229113034e-12 2.229113034e-12 2.0
3.66326148079e+17 2.2518159246e-11 2.53384767e-12 2.53384767e-12 2.0
3.82043111528e+17 2.161420929e-11 2.507251482e-12 2.507251482e-12 2.0
4.0259606373e+17 1.938557691e-11 2.247698322e-12 2.247698322e-12 2.0
4.26776007498e+17 2.8182826854e-11 3.103743096e-12 3.103743096e-12 2.0
4.61836925961e+17 1.9846844532e-11 2.4913899e-12 2.4913899e-12 2.0
1.88119962512e+17 2.1849088878e-11 2.195467254e-12 2.195467254e-12 2.0
2.16628116214e+17 2.0803986864e-11 1.967637258e-12 1.967637258e-12 2.0
2.33723336457e+17 2.3614370802e-11 2.394137574e-12 2.394137574e-12 2.0
2.45136269916e+17 1.8273183336e-11 2.174478696e-12 2.174478696e-12 2.0
2.56549203374e+17 1.7312195772e-11 2.014260696e-12 2.014260696e-12 2.0
2.67937956888e+17 2.1980948292e-11 2.093087952e-12 2.093087952e-12 2.0
2.79350890347e+17 1.8435003516e-11 2.020028544e-12 2.020028544e-12 2.0
2.90739643861e+17 2.154050901e-11 2.018105928e-12 2.018105928e-12 2.0
3.0215257732e+17 2.1230326962e-11 2.051271054e-12 2.051271054e-12 2.0
3.13541330834e+17 2.1605237082e-11 1.92582036e-12 1.92582036e-12 2.0
3.24954264292e+17 2.1989760282e-11 1.923256872e-12 1.923256872e-12 2.0
3.36343017807e+17 2.026437264e-11 1.945206738e-12 1.945206738e-12 2.0
3.47755951265e+17 2.088201303e-11 1.9386378e-12 1.9386378e-12 2.0
3.5914470478e+17 2.4925434696e-11 2.117761524e-12 2.117761524e-12 2.0
3.70557638238e+17 2.1898275804e-11 2.02115007e-12 2.02115007e-12 2.0
3.81946391753e+17 2.4151421538e-11 2.191141368e-12 2.191141368e-12 2.0
3.93359325211e+17 2.2978305342e-11 2.061685224e-12 2.061685224e-12 2.0
4.04772258669e+17 2.0809754712e-11 2.103181686e-12 2.103181686e-12 2.0
4.16161012184e+17 2.4925594914e-11 2.337099966e-12 2.337099966e-12 2.0
4.27573945642e+17 2.45213649e-11 2.320437294e-12 2.320437294e-12 2.0
4.38962699157e+17 2.5901002098e-11 2.427462918e-12 2.427462918e-12 2.0
4.50375632615e+17 2.8169368542e-11 2.524875462e-12 2.524875462e-12 2.0
4.61764386129e+17 2.6901723726e-11 2.54826729e-12 2.54826729e-12 2.0
4.73177319588e+17 2.6679020706e-11 2.653530516e-12 2.653530516e-12 2.0
4.84566073102e+17 3.0312925164e-11 2.70207657e-12 2.70207657e-12 2.0
4.9597900656e+17 2.7686631708e-11 2.765683116e-12 2.765683116e-12 2.0
5.07367760075e+17 2.8460164212e-11 2.886167052e-12 2.886167052e-12 2.0
5.18780693533e+17 2.834817183e-11 3.158217216e-12 3.158217216e-12 2.0
5.35875913777e+17 2.2818728214e-11 2.269327752e-12 2.269327752e-12 2.0
5.5867760075e+17 2.7313804422e-11 2.732678208e-12 2.732678208e-12 2.0
5.81479287723e+17 2.590164297e-11 2.937917466e-12 2.937917466e-12 2.0
6.04280974695e+17 3.9066435594e-11 3.41024013e-12 3.41024013e-12 2.0
6.27082661668e+17 3.2245154244e-11 3.293120772e-12 3.293120772e-12 2.0
6.49908528585e+17 3.2385024558e-11 3.509094636e-12 3.509094636e-12 2.0
6.72710215558e+17 3.2398002216e-11 3.62012571e-12 3.62012571e-12 2.0
6.9551190253e+17 2.9518083666e-11 3.480255396e-12 3.480255396e-12 2.0
7.41115276476e+17 2.852521272e-11 2.293841106e-12 2.293841106e-12 2.0
7.98107403936e+17 3.135145824e-11 3.12344991e-12 3.12344991e-12 2.0
8.43734957826e+17 3.8424762504e-11 3.506050494e-12 3.506050494e-12 2.0
8.89338331771e+17 3.2681427858e-11 3.637589472e-12 3.637589472e-12 2.0
9.34941705717e+17 3.7620948798e-11 3.939279966e-12 3.939279966e-12 2.0
9.80545079663e+17 4.0017489642e-11 4.206844026e-12 4.206844026e-12 2.0
1.04895014058e+18 4.0568639562e-11 3.586319712e-12 3.586319712e-12 2.0
1.14018106842e+18 4.5213199164e-11 4.567654962e-12 4.567654962e-12 2.0
1.25418950328e+18 3.641514813e-11 4.271572098e-12 4.271572098e-12 2.0
1.36819793814e+18 5.1530434686e-11 6.416891118e-12 6.416891118e-12 2.0
1.48223055295e+18 4.73764626e-11 5.809825116e-12 5.809825116e-12 2.0
1.68744573571e+18 4.974688791e-11 5.862056184e-12 5.862056184e-12 2.0
2.09790028116e+18 6.765525486e-11 1.1185940106e-11 1.1185940106e-11 2.0
8.15448358842e+17 2.7267508439e-11 4.00853146087e-13 4.06833914552e-13 2.0
9.56933497017e+17 3.03528741126e-11 5.51480464089e-13 3.44433068003e-13 2.0
1.08374192555e+18 3.32906543949e-11 4.89397979994e-13 4.96699846111e-13 2.0
1.21597844017e+18 3.48030969353e-11 6.32336429769e-13 3.94932532878e-13 2.0
1.35284924679e+18 3.6654675288e-11 5.38851649791e-13 6.78301745794e-13 2.0
1.49117569343e+18 3.86047604605e-11 7.1477172822e-13 7.14388443235e-13 2.0
1.61605183442e+18 3.96113856785e-11 8.70258216496e-13 5.91005780103e-13 2.0
1.76478002979e+18 4.2972955781e-11 6.31735186222e-13 7.95222729409e-13 2.0
1.89484169942e+18 4.67844805122e-11 6.87767503341e-13 8.65755720332e-13 2.0
2.16601354882e+18 4.94475400076e-11 7.26916506607e-13 9.15036143379e-13 2.0
2.45096799079e+18 5.00086522056e-11 9.25916139269e-13 9.25419631447e-13 2.0
2.7268494989e+18 5.36438428958e-11 9.93222126952e-13 1.20502417206e-12 2.0
3.17031448786e+18 5.77465452922e-11 1.46748536436e-12 1.52664729196e-12 2.0
3.62401995736e+18 6.17261721831e-11 1.35611788366e-12 1.60951967557e-12 2.0
4.72750239056e+18 6.72010302087e-11 9.87906336942e-13 7.62572167692e-13 2.0
5.85165638428e+18 6.67052482007e-11 -2.71702038233e-11 1.25835417568e-12 2.0
7.56908743107e+18 6.77004970811e-11 6.42971561895e-12 6.55256516027e-12 2.0
9.87380846292e+18 6.47584281043e-11 7.63967905307e-12 8.40305755715e-12 2.0
1.17947999875e+19 6.17261721831e-11 1.56861772108e-12 1.14225456982e-12 2.0
1.33577926678e+19 5.54517148742e-11 1.61838109907e-12 1.86879977392e-12 2.0
1.55301580221e+19 5.01853021802e-11 1.82411972456e-12 1.50871103095e-12 2.0
1.79036088351e+19 4.36141165185e-11 4.43336922539e-12 4.57683678081e-12 2.0
2.06223255978e+19 4.05011928708e-11 2.32958949498e-12 2.47176291016e-12 2.0
2.37740047621e+19 3.67841538316e-11 9.34778125947e-13 8.26297895956e-13 2.0
2.91544791138e+19 3.6654675288e-11 1.06978176984e-12 1.23531344426e-12 2.0
3.6734398553e+19 3.17318490491e-11 5.76535018566e-13 5.87203908865e-13 2.0
4.8779202795e+19 3.03528741126e-11 1.31904865009e-12 1.61481964535e-12 2.0
6.71746305467e+19 2.05145500185e-11 1.32261975788e-12 1.09140565281e-12 2.0
7.75462886598e+17 2.979333819e-11 7.0674883506e-13 7.0674883506e-13 2.0
8.62157656982e+17 3.3245395218e-11 7.4801458314e-13 7.4801458314e-13 2.0
9.48917713215e+17 3.631741515e-11 6.836341842e-13 6.836341842e-13 2.0
1.0357430553e+18 3.6441423882e-11 7.7134232394e-13 7.7134232394e-13 2.0
1.12262642924e+18 3.9129080832e-11 8.2636118514e-13 8.2636118514e-13 2.0
1.20957750703e+18 3.9962695086e-11 9.004171491e-13 9.004171491e-13 2.0
1.29659145267e+18 4.2313894236e-11 9.4115898432e-13 9.4115898432e-13 2.0
1.38367310216e+18 4.4287779996e-11 9.933355782e-13 9.933355782e-13 2.0
1.47082245548e+18 4.5561673314e-11 1.05043406904e-12 1.05043406904e-12 2.0
1.55803467666e+18 4.7162892006e-11 1.14468390972e-12 1.14468390972e-12 2.0
1.6453097657e+18 4.865740551e-11 1.23474885624e-12 1.23474885624e-12 2.0
1.73265497657e+18 5.0420123946e-11 1.32585842412e-12 1.32585842412e-12 2.0
1.8200606373e+18 5.1403221594e-11 1.4787560637e-12 1.4787560637e-12 2.0
1.90753641987e+18 5.334378201e-11 1.6531133022e-12 1.6531133022e-12 2.0
1.99507990628e+18 5.3162094798e-11 1.8148053078e-12 1.8148053078e-12 2.0
2.08267900656e+18 5.36329755e-11 1.9446619968e-12 1.9446619968e-12 2.0
2.17035064667e+18 5.7435429294e-11 2.0447982468e-12 2.0447982468e-12 2.0
2.25809240862e+18 5.7032961678e-11 2.2080603888e-12 2.2080603888e-12 2.0
2.34589945642e+18 5.8140068058e-11 2.4066505998e-12 2.4066505998e-12 2.0
2.43377179007e+18 6.0615756594e-11 2.6423472996e-12 2.6423472996e-12 2.0
2.52170940956e+18 6.3113234778e-11 2.937677139e-12 2.937677139e-12 2.0
2.60971715089e+18 6.2721021114e-11 3.2952676932e-12 3.2952676932e-12 2.0
2.69778050609e+18 6.315553233e-11 3.6362436408e-12 3.6362436408e-12 2.0
2.78591640112e+18 6.9368465934e-11 3.9632966442e-12 3.9632966442e-12 2.0
2.87412483599e+18 6.6667350672e-11 4.4022138552e-12 4.4022138552e-12 2.0
2.96240581068e+18 6.788676987e-11 4.931590149e-12 4.931590149e-12 2.0
3.05075932521e+18 6.8970003768e-11 5.593370598e-12 5.593370598e-12 2.0
3.13916119963e+18 6.7073182866e-11 6.30618048e-12 6.30618048e-12 2.0
3.22763561387e+18 7.4874838158e-11 6.966358749e-12 6.966358749e-12 2.0
3.31618256795e+18 5.7248775324e-11 8.0292289392e-12 8.0292289392e-12 2.0
3.40480206186e+18 7.2531810126e-11 8.2746028062e-12 8.2746028062e-12 2.0
3.4934940956e+18 7.3419738282e-11 9.024439068e-12 9.024439068e-12 2.0
3.58223448922e+18 7.8248548584e-11 9.9025458606e-12 9.9025458606e-12 2.0
3.67107160262e+18 7.0837664994e-11 1.08099405036e-11 1.08099405036e-11 2.0
3.75995707591e+18 7.7001091236e-11 1.20080667294e-11 1.20080667294e-11 2.0
3.84891508903e+18 6.4008532962e-11 1.3616367057e-11 1.3616367057e-11 2.0
3.93794564199e+18 8.1904723344e-11 1.50081648012e-11 1.50081648012e-11 2.0
4.02704873477e+18 1.06884471942e-10 2.1016916586e-11 2.1016916586e-11 2.0
4.11620018744e+18 9.1736981568e-11 1.842106455e-11 1.842106455e-11 2.0
4.20544835989e+18 8.7929080362e-11 2.0153662002e-11 2.0153662002e-11 2.0
4.29476907216e+18 8.1827498268e-11 2.2169044224e-11 2.2169044224e-11 2.0
4.38413814433e+18 7.9738736202e-11 2.4422510394e-11 2.4422510394e-11 2.0
4.47357975633e+18 1.00234463634e-10 2.549949579e-11 2.549949579e-11 2.0
4.56309390815e+18 1.10055025944e-10 2.7105521022e-11 2.7105521022e-11 2.0
4.65270477976e+18 1.12641104682e-10 2.8782042174e-11 2.8782042174e-11 2.0
1.08135995913e+18 4.11072376713e-11 2.93623126224e-12 2.93623126224e-12 2.0
3.90506091846e+18 6.0161859e-11 2.0507904e-12 2.0507904e-12 2.0
4.50230552952e+18 6.17800608e-11 1.79604378e-12 1.79604378e-12 2.0
5.18901593252e+18 6.2725347e-11 1.81526994e-12 1.81526994e-12 2.0
5.9821180881e+18 6.31098702e-11 2.23183674e-12 2.23183674e-12 2.0
6.89853795689e+18 6.27093252e-11 2.81022372e-12 2.81022372e-12 2.0
7.95278350515e+18 6.14596248e-11 3.21717744e-12 3.21717744e-12 2.0
9.16903467666e+18 5.92646382e-11 3.81639276e-12 3.81639276e-12 2.0
1.08447047798e+19 5.54674716e-11 4.14644184e-12 4.14644184e-12 2.0
3.62699156514e+18 7.03677456e-11 2.03637078e-11 2.03637078e-11 2.0
4.11059044049e+18 7.50140676e-11 1.6582563e-11 1.6582563e-11 2.0
4.59418931584e+18 7.78339044e-11 1.3858857e-11 1.3858857e-11 2.0
5.07778819119e+18 8.07338502e-11 1.18881756e-11 1.18881756e-11 2.0
5.80318650422e+18 8.16470928e-11 8.4595104e-12 8.4595104e-12 2.0
6.77038425492e+18 7.54947216e-11 4.646322e-12 4.646322e-12 2.0
7.78594189316e+18 7.25146668e-11 4.3579296e-12 4.3579296e-12 2.0
8.75313964386e+18 7.22102526e-11 4.0374936e-12 4.0374936e-12 2.0
1.00104967198e+19 7.049592e-11 3.7491012e-12 3.7491012e-12 2.0
1.15580131209e+19 6.47120502e-11 3.3165126e-12 3.3165126e-12 2.0
1.31297094658e+19 5.98093794e-11 3.0281202e-12 3.0281202e-12 2.0
1.49915651359e+19 5.3272485e-11 2.6115534e-12 2.6115534e-12 2.0
1.71435801312e+19 5.28559182e-11 2.8679022e-12 2.8679022e-12 2.0
1.96341143393e+19 4.49892144e-11 3.4767306e-12 3.4767306e-12 2.0
2.24631677601e+19 4.2057225e-11 5.60763e-12 5.60763e-12 2.0
2.56549203374e+19 3.98301948e-11 2.5795098e-12 2.5795098e-12 2.0
2.92093720712e+19 3.71385324e-11 3.0922074e-12 3.0922074e-12 2.0
3.31748828491e+19 3.3886107e-11 3.7170576e-12 3.7170576e-12 2.0
3.79141518276e+19 3.0361311e-11 4.1977116e-12 4.1977116e-12 2.0
4.37898781631e+19 2.88712836e-11 4.7424528e-12 4.7424528e-12 2.0
3.68300039482e+17 2.27026956123e-11 7.99692954163e-13 7.99300428129e-13 2.0
3.88229997703e+17 2.53290213443e-11 7.07021286262e-13 8.25864942647e-13 2.0
4.07913391004e+17 2.56497354889e-11 7.62988260565e-13 8.86358038486e-13 2.0
4.38435781823e+17 2.68890026608e-11 8.49045352239e-13 8.06944640395e-13 2.0
4.78557536202e+17 2.72980780507e-11 1.09378133817e-12 1.12155132699e-12 2.0
5.15618541386e+17 2.99807472869e-11 1.18315923325e-12 1.44852004098e-12 2.0
5.98573186433e+17 3.28649642398e-11 1.15765461469e-12 1.43647944111e-12 2.0
6.51762080099e+17 3.51313559745e-11 1.1948137436e-12 1.28266878662e-12 2.0
7.13716453981e+17 3.26588526736e-11 1.62256446983e-12 1.64259100728e-12 2.0
7.68988907552e+17 3.83418492012e-11 1.53628394825e-12 1.32494957949e-12 2.0
8.25859161231e+17 3.45179217168e-11 1.8590690431e-12 2.05681861754e-12 2.0
8.87654622318e+17 3.54198587761e-11 2.40984296343e-12 2.03979552616e-12 2.0
9.47905723778e+17 3.80056284383e-11 2.58576966221e-12 2.44237586666e-12 2.0
1.00978737002e+18 3.61174242514e-11 3.02423457249e-12 2.80773802802e-12 2.0
1.0818312238e+18 4.09601538636e-11 2.95452542525e-12 3.01788880499e-12 2.0
1.15901508728e+18 4.52124200946e-11 3.70752846131e-12 3.39230814764e-12 2.0
1.23868913654e+18 4.66865928319e-11 4.47066551337e-12 4.04257687789e-12 2.0
1.41369816731e+18 5.21530380343e-11 6.85520503081e-12 6.51107493741e-12 2.0
5.11164011246e+18 6.33982626e-11 4.0535154e-12 4.0535154e-12 2.0
5.80560449859e+18 6.85572822e-11 3.0761856e-12 3.0761856e-12 2.0
6.61563261481e+18 7.02395712e-11 2.8999458e-12 2.8999458e-12 2.0
7.54172446111e+18 6.8733522e-11 2.3071392e-12 2.3071392e-12 2.0
8.4678163074e+18 6.58175544e-11 3.925341e-12 3.925341e-12 2.0
9.3939081537e+18 6.26131944e-11 4.085559e-12 4.085559e-12 2.0
1.04360637301e+19 5.67492156e-11 3.8772756e-12 3.8772756e-12 2.0
1.15942830366e+19 6.19563006e-11 3.124251e-12 3.124251e-12 2.0
1.27500843486e+19 5.80630032e-11 3.8772756e-12 3.8772756e-12 2.0
1.40243673852e+19 4.94753184e-11 5.4634338e-12 5.4634338e-12 2.0
1.54122961575e+19 4.62389148e-11 4.5021258e-12 4.5021258e-12 2.0
1.73805435801e+19 4.63350456e-11 5.3512812e-12 5.3512812e-12 2.0
2.0158819119e+19 4.80814218e-11 1.0173843e-11 1.0173843e-11 2.0
2.29370946579e+19 4.34511216e-11 7.8346602e-12 7.8346602e-12 2.0
2.72193626992e+19 3.97661076e-11 9.5169492e-12 9.5169492e-12 2.0
3.92561387067e+19 4.9106817e-11 1.5300819e-11 1.5300819e-11 2.0
1.29674649582e+17 1.34109050365e-11 1.89673796189e-12 1.8698992411e-12 2.0
1.49914118851e+17 1.25162658103e-11 9.75201014055e-13 9.48126193399e-13 2.0
1.7617774537e+17 1.40323059696e-11 6.65505289504e-13 6.64307328558e-13 2.0
2.06558116666e+17 1.52054854649e-11 4.36074000042e-13 4.3820975598e-13 2.0
2.43029740707e+17 1.69655617654e-11 3.54841520184e-13 3.90985401223e-13 2.0
2.85662155828e+17 1.85334562938e-11 3.42748445258e-13 3.33662489417e-13 2.0
3.35314685093e+17 2.12571860882e-11 3.75930512215e-13 3.82698484069e-13 2.0
3.94058849572e+17 2.22635284908e-11 4.29718695518e-13 4.16375199205e-13 2.0
4.63094471639e+17 2.36203027429e-11 5.66919354416e-13 6.00799354426e-13 2.0
6.38943927087e+17 3.21445674827e-11 1.17793727092e-12 1.1404097096e-12 2.0
7.51761196473e+17 3.11456590112e-11 1.26462532917e-12 1.36719774546e-12 2.0
8.83463103182e+17 3.50574604323e-11 1.47420084379e-12 1.51380717601e-12 2.0
1.03601109937e+18 4.21478750436e-11 1.7113547134e-12 1.74159416052e-12 2.0
1.21893786075e+18 4.24206486696e-11 2.82443996624e-12 2.77088061521e-12 2.0
1.43416369696e+18 3.75323803032e-11 4.70113415617e-12 4.65021900408e-12 2.0
1.68344367151e+18 4.63028608484e-11 1.38702307193e-11 1.3870094149e-11 2.0
7.39894113683e+19 1.76529206598e-11 3.4166735868e-12 2.82520735198e-12 2.0
8.19323264142e+19 1.57331820988e-11 3.04511353953e-12 3.25115848656e-12 2.0
9.50038052728e+19 1.35625978682e-11 2.7239660445e-12 3.1028338789e-12 2.0
1.0907896308e+20 1.21611449255e-11 1.89776859746e-12 2.91865281905e-12 2.0
1.19209929022e+20 9.54357973119e-12 8.29177096477e-13 1.42720319426e-12 2.0
1.45220094526e+20 9.31504570957e-12 2.07111205547e-12 1.62254914647e-12 2.0
1.7924839949e+20 7.93319534262e-12 1.29856746374e-12 1.55273054398e-12 2.0
2.21979275394e+20 6.37839346517e-12 1.65288932236e-12 1.65152815456e-12 2.0
2.78537618446e+20 5.14387318954e-12 7.8953824874e-13 1.53107882946e-12 2.0
3.41550783986e+20 4.26296047631e-12 7.62017875996e-13 1.00711177477e-12 2.0
4.54716800887e+20 3.69716813138e-12 7.78144425849e-13 9.57290780891e-13 2.0
5.32491193155e+20 3.50094260031e-12 7.53542989089e-13 1.04205895071e-12 2.0
6.59431322939e+20 3.09198673397e-12 7.37931929964e-13 9.20332841599e-13 2.0
2.45001967642e+20 9.63071818237e-12 5.65470195478e-12 5.4490795622e-12 2.0
3.58825962093e+20 1.46741654501e-11 4.68686423653e-12 2.0418344075e-12 2.0
5.18661316386e+20 7.79028616952e-12 4.14870282958e-12 4.11566063269e-12 2.0
7.98043776475e+20 3.54362819288e-12 2.91727893196e-12 2.93212448048e-12 2.0
1.21586080326e+21 2.75573607735e-12 1.24775630289e-12 1.34258559808e-12 2.0
1.69499949151e+21 3.42747632827e-12 1.31667116303e-12 1.21290223017e-12 2.0
2.4419738042e+21 3.345400737e-12 1.04074509498e-12 1.0089342038e-12 2.0
3.28331408235e+21 3.86906515221e-12 1.1049673133e-12 1.19747286936e-12 2.0
5.15260339236e+21 3.98808069919e-12 1.53945821826e-12 1.54375408556e-12 2.0
9.3648519524e+21 2.0187468e-12 6.1043058e-13 6.1043058e-13 2.0
1.4305047648e+22 2.9720439e-12 4.486104e-13 4.486104e-13 2.0
2.02303923942e+22 2.48978772e-12 2.4673572e-13 2.4673572e-13 2.0
2.96142621199e+22 2.15332992e-12 2.1869757e-13 2.1869757e-13 2.0
5.12934066203e+22 1.88176041e-12 1.8745506e-13 1.8745506e-13 2.0
9.3648519524e+22 1.441962e-12 1.5140601e-13 1.5140601e-13 2.0
1.70978022068e+23 1.2176568e-12 1.361853e-13 1.361853e-13 2.0
3.41956044135e+23 1.0253952e-12 1.4099184e-13 1.4099184e-13 2.0
6.8391208827e+23 1.5380928e-12 2.0507904e-13 2.0507904e-13 2.0
1.52927392001e+24 1.2497004e-12 1.922616e-13 1.922616e-13 2.0
3.41956044135e+24 1.0894824e-12 4.4540604e-13 4.4540604e-13 2.0
2.8610095296e+22 2.0748231e-12 1.682289e-13 6.729156e-13 2.0
4.04607847883e+22 1.7196732e-12 7.47684e-14 5.981472e-13 2.0
5.72201905919e+22 1.682289e-12 1.121526e-13 5.60763e-13 2.0
8.09215695767e+22 1.45050696e-12 1.7944416e-13 4.7851776e-13 2.0
1.15457649022e+23 1.43970009882e-12 1.93392550588e-13 4.72737345882e-13 2.0
1.63281773127e+23 1.55648304e-12 2.2235472e-13 5.0823936e-13 2.0
2.26827978638e+23 1.4099184e-12 2.349864e-13 4.699728e-13 2.0
3.20783203716e+23 1.015141248e-12 2.25586944e-13 3.38380416e-13 2.0
4.6385174621e+23 9.26517805714e-13 2.52686674286e-13 2.52686674286e-13 2.0
6.5598543042e+23 9.04056768e-13 2.48943168e-13 2.75147712e-13 2.0
9.17564352004e+23 7.45383433846e-13 2.3071392e-13 2.12966695385e-13 2.0
1.29763195095e+24 6.31427570526e-13 1.94285406316e-13 1.69999730526e-13 2.0
1.84529569984e+24 5.87513472e-13 1.7279808e-13 1.7279808e-13 2.0
2.62995101124e+24 5.8319352e-13 1.4579838e-13 1.4579838e-13 2.0
3.69882015325e+24 5.098777632e-13 1.49964048e-13 1.424658456e-13 2.0
5.23092162551e+24 4.12401132e-13 1.12473036e-13 1.12473036e-13 2.0
7.39764030651e+24 4.049029296e-13 1.049748336e-13 1.049748336e-13 2.0
1.03607602693e+25 3.529922976e-13 7.84427328e-14 9.8053416e-14 2.0
1.46523276894e+25 3.08167878857e-13 5.60305234286e-14 8.40457851429e-14 2.0
2.05173626481e+25 2.55433268571e-13 4.53188057143e-14 7.00381542857e-14 2.0
2.8610095296e+25 1.7383653e-13 2.803815e-14 5.046867e-14 2.0
4.04607847883e+25 1.4205996e-13 2.243052e-14 3.73842e-14 2.0
5.82330159574e+25 9.1893924e-14 1.3422708e-14 2.4780384e-14 2.0
8.33769902453e+25 1.0001208105e-13 1.428744015e-14 2.698738695e-14 2.0
1.17912870395e+26 4.70645087294e-14 8.96466832941e-15 1.12058354118e-14 2.0
1.66753980491e+26 3.079737099e-14 7.30246941e-15 8.88996276e-15 2.0
